随机发出真实车： 1039
11.8,1,0,16.67,3
12.0,2,0,16.67,5
14.2,3,0,17.823940000741608,2
21.6,5,0,16.67,3
28.2,8,0,16.67,4
37.6,9,0,16.67,3
39.8,11,0,16.67,4
42.8,12,0,16.67,2
50.2,14,0,16.67,4
53.2,16,0,16.67,1
54.4,18,0,16.67,3
55.4,19,0,16.67,2
60.4,21,0,16.67,6
65.4,22,0,16.67,2
72.8,24,0,16.67,4
78.8,25,0,16.67,2
79.2,26,0,16.67,4
81.4,27,0,16.67,1
82.2,30,0,16.67,5
83.0,28,0,16.67,3
89.6,32,0,16.67,5
93.6,35,0,16.67,4
94.8,37,0,16.67,3
95.2,38,0,16.67,1
95.4,39,0,16.67,2
97.4,42,0,16.76677924758708,1
103.2,44,0,32.61531817053033,1
104.8,48,0,29.301225902290195,1
105.6,45,0,16.67,2
112.6,50,0,16.67,4
112.6,56,50,16.67,5
115.2,53,0,16.67,4
115.2,52,0,16.67,5
115.6,54,0,16.67,6
125.8,58,0,16.67,3
128.2,59,0,16.67,1
128.2,60,0,17.5711499858155,2
128.8,63,0,16.67,4
129.4,61,0,16.67,6
129.8,64,0,16.67,3
140.0,68,0,16.67,1
145.6,70,0,16.67,5
148.4,71,0,16.67,4
150.2,73,0,16.67,3
152.8,74,0,16.67,2
155.0,76,0,16.67,4
159.0,83,77,16.67,1
159.0,77,0,16.67,2
161.2,79,0,16.67,1
165.0,81,0,16.67,6
165.4,82,0,16.67,4
167.2,84,0,16.67,5
168.2,86,0,16.67,2
168.2,95,86,16.67,3
168.6,87,0,25.43499710566293,6
170.0,90,0,20.12001492910386,5
170.8,88,0,16.67,3
172.0,93,0,16.67,2
180.8,99,0,16.67,6
183.4,100,0,18.741387518582798,6
185.6,101,0,16.67,1
187.4,104,0,16.67,5
199.0,107,0,16.67,4
203.6,108,0,16.67,1
206.0,113,109,16.67,3
206.0,109,0,16.67,4
208.6,111,0,16.67,3
210.6,110,0,16.67,6
211.4,112,0,16.67,2
222.4,115,0,16.67,6
223.0,116,0,16.67,3
223.0,123,116,16.67,4
225.4,118,0,16.67,4
225.4,119,0,16.67,5
229.2,122,0,16.67,6
232.0,124,0,16.67,2
236.8,126,0,16.67,5
250.2,129,0,16.67,6
258.2,130,0,16.67,2
272.2,131,0,16.67,3
277.6,132,0,16.67,5
279.8,133,0,16.67,4
280.8,134,0,16.67,3
283.0,135,0,17.05266759338781,3
289.4,137,0,16.67,5
296.8,141,0,16.67,4
297.4,142,0,16.67,5
299.2,143,0,16.67,1
299.8,144,0,16.67,2
303.6,146,0,16.67,5
309.8,148,0,16.67,6
312.4,152,0,19.24763981974938,6
313.2,151,0,16.67,4
315.2,154,0,16.67,3
315.8,157,0,26.607530805656243,5
318.0,160,0,16.67,1
321.4,163,0,16.67,6
327.2,165,0,16.67,3
327.4,173,166,16.67,5
327.4,166,0,16.67,6
327.8,167,0,16.67,4
330.0,168,0,16.669626954247153,4
331.6,170,0,16.67,1
334.2,172,0,16.67,6
336.4,175,0,16.67,5
340.2,179,0,16.67,1
344.8,182,0,16.67,6
345.0,183,0,16.67,4
346.4,185,0,16.67,3
348.4,187,0,16.67,2
354.4,189,0,16.67,3
356.6,190,0,16.67,2
358.0,193,0,16.67,5
358.8,194,0,16.67,1
373.0,199,0,16.67,2
373.4,200,0,16.67,4
375.8,202,0,16.67,6
381.2,203,0,16.67,3
382.2,204,0,16.67,1
383.0,205,0,16.67,6
383.4,206,0,16.67,5
389.0,208,0,16.67,1
389.4,209,0,16.67,3
391.2,211,0,16.67,2
392.2,215,0,16.67,4
393.4,216,0,16.67,5
395.8,217,0,16.67,6
411.2,220,0,16.67,4
411.8,221,0,16.67,3
413.4,222,0,16.67,1
419.0,223,0,16.67,4
431.6,225,0,16.67,4
432.6,227,0,16.67,3
435.8,228,0,16.67,6
437.6,229,0,16.67,1
440.8,230,0,16.67,2
441.2,231,0,16.67,4
443.6,234,0,16.67,2
445.8,240,232,16.67,5
445.8,232,0,16.67,6
450.4,237,0,16.67,4
453.4,238,0,16.67,6
453.8,241,0,16.67,3
456.6,245,0,16.67,5
459.6,246,0,16.67,6
462.2,249,0,16.67,1
468.6,250,0,16.67,1
479.4,252,0,16.67,5
487.6,253,0,16.67,6
488.6,254,0,16.67,5
490.2,255,0,18.327449989230008,6
493.6,256,0,16.67,1
498.0,258,0,16.67,5
501.0,259,0,16.67,4
509.0,262,0,16.67,4
511.0,264,0,16.67,5
512.6,266,0,16.67,3
518.4,269,0,16.67,5
532.6,271,0,16.67,3
534.4,272,0,16.67,2
536.8,273,0,17.516463868682248,2
538.6,275,0,28.139096215736863,1
539.2,274,0,16.67,2
540.0,277,0,26.481105384497404,3
543.8,278,0,16.67,4
550.0,285,0,16.67,1
550.0,292,285,16.67,2
556.0,289,0,16.67,2
557.8,290,0,16.67,4
562.8,293,0,16.67,1
566.2,301,295,16.67,3
566.2,295,0,16.67,4
566.8,296,0,16.67,2
572.2,300,0,16.67,3
584.4,304,0,16.67,2
585.4,305,0,16.67,5
589.4,306,0,16.67,1
595.8,307,0,16.67,4
600.0,308,0,16.67,6
602.6,309,0,16.67,1
610.0,310,0,16.67,3
612.4,311,0,16.67,1
616.4,313,0,16.67,4
617.4,314,0,16.67,5
623.6,315,0,16.67,5
623.6,319,315,16.67,6
626.4,316,0,19.537501339554616,5
630.0,318,0,16.67,6
637.0,321,0,16.67,1
637.0,323,321,16.67,2
639.6,322,0,16.67,2
645.4,324,0,16.67,2
645.4,329,324,16.67,3
647.6,325,0,16.67,4
648.0,328,0,16.67,3
649.0,327,0,16.67,5
659.2,331,0,16.67,3
660.6,332,0,16.67,5
669.8,335,0,16.67,6
672.0,336,0,16.96068499460181,6
681.4,338,0,16.67,6
684.6,341,0,16.67,4
688.2,342,0,16.67,6
689.6,343,0,16.67,2
694.8,345,0,16.67,6
695.8,346,0,16.67,2
697.4,350,0,16.67,6
698.0,347,0,16.664843910796424,1
698.2,354,0,18.215579964275218,2
698.2,353,0,24.609761513813247,5
704.6,359,0,16.67,4
709.4,363,0,16.67,6
712.2,368,0,16.67,5
713.0,366,0,16.67,2
715.8,370,0,20.294855445387135,3
719.2,371,0,27.936342116690195,4
720.0,373,0,16.67,6
722.8,374,0,16.67,3
725.0,376,0,16.67,1
727.0,378,0,16.67,2
730.4,383,0,16.67,4
738.0,385,0,16.67,4
744.2,387,0,16.67,5
757.6,389,0,16.67,2
759.6,390,0,16.67,1
767.0,391,0,16.67,4
778.8,392,0,16.67,4
778.8,396,392,16.67,5
781.6,393,0,19.65088997992458,4
784.2,394,0,16.67,6
784.4,397,0,21.41732969161264,4
785.0,395,0,26.94940372843898,5
790.0,399,0,16.67,1
791.6,400,0,16.67,3
791.6,406,400,16.67,4
791.8,401,0,16.67,2
794.6,404,0,16.67,4
798.4,405,0,16.67,5
800.2,407,0,23.730010417210654,5
802.8,408,0,16.67,6
805.6,409,0,16.67,3
808.2,415,0,16.67,5
815.8,418,0,16.67,2
820.2,419,0,16.67,4
820.6,420,0,16.67,1
825.8,421,0,16.67,5
826.4,423,0,16.67,3
827.0,424,0,16.67,6
828.8,425,0,21.168586318876493,5
830.6,426,0,26.508389084145918,6
833.0,427,0,16.67,2
834.6,428,0,16.67,3
842.6,434,0,16.67,1
845.0,439,0,18.05401403282312,1
845.0,436,0,16.67,6
845.2,440,0,19.227572360766686,2
847.2,438,0,16.660902056991425,6
847.4,450,445,17.714146891602454,1
847.4,445,0,17.563545292659867,2
848.6,446,0,25.4707385535888,5
849.4,448,0,29.23764885575291,1
865.2,453,0,16.67,3
868.6,454,0,16.67,1
870.6,455,0,16.67,6
874.2,456,0,16.67,3
874.2,464,456,16.67,4
875.4,457,0,16.67,1
878.4,458,0,16.67,6
881.0,459,0,16.67,4
881.2,460,0,16.67,3
887.2,466,0,16.67,1
899.4,469,0,16.67,6
901.2,470,0,16.67,5
907.0,471,0,16.67,6
914.6,472,0,16.67,4
915.4,473,0,16.67,6
917.2,476,0,16.67,4
917.4,475,0,20.452108827040135,5
917.6,474,0,16.971030178135386,6
918.0,477,0,16.67,3
919.4,482,0,17.48962073713531,4
924.4,486,0,16.67,1
929.6,487,0,16.67,5
930.6,489,0,16.67,1
935.8,491,0,16.67,6
940.0,492,0,16.67,5
941.4,493,0,16.67,3
942.0,495,0,16.67,2
942.2,496,0,16.67,1
942.6,497,0,19.29475463427405,5
946.2,498,0,16.67,4
956.8,503,0,16.67,3
963.4,505,0,16.67,1
964.4,506,0,16.67,6
972.8,507,0,16.67,3
977.2,509,0,16.67,4
978.2,510,0,16.67,1
980.2,512,0,16.67,6
980.8,513,0,16.67,2
981.4,514,0,32.17894263492127,4
981.8,519,514,16.67,5
983.8,518,0,27.18903702970367,4
984.0,517,0,30.454771024201687,3
984.0,516,0,16.67,5
997.4,523,0,16.67,4
998.0,524,0,16.67,3
1001.8,526,0,16.67,2
1002.8,525,0,16.67,6
1004.8,528,0,29.03792553356167,5
1005.4,529,0,16.67,6
1006.6,530,0,26.39772498025917,5
1011.6,531,0,16.67,4
1013.2,534,0,16.67,6
1020.2,540,0,16.67,2
1021.8,541,0,16.67,5
1024.6,542,0,20.65386700795458,5
1027.8,551,543,16.67,2
1027.8,543,0,16.67,3
1028.6,544,0,16.67,6
1030.2,546,0,17.503348283323966,3
1035.0,548,0,16.67,2
1042.4,553,0,16.67,1
1046.6,554,0,16.67,3
1060.4,556,0,16.67,3
1060.8,557,0,16.67,6
1070.0,559,0,16.67,4
1071.8,560,0,16.67,5
1083.8,565,561,16.67,2
1083.8,561,0,16.67,3
1086.2,562,0,16.67,1
1086.4,563,0,16.67,2
1094.0,566,0,16.67,5
1094.0,570,566,16.67,6
1096.2,567,0,16.67,6
1099.8,568,0,16.67,3
1105.2,571,0,16.67,2
1107.4,572,0,16.67,1
1108.4,573,0,16.67,4
1117.8,575,0,16.67,4
1119.0,577,0,16.67,2
1123.0,580,0,16.67,1
1126.8,581,0,16.67,5
1128.0,582,0,16.67,2
1128.8,583,0,16.67,6
1137.0,585,0,16.67,6
1137.6,602,586,16.67,2
1137.6,586,0,16.67,3
1138.4,589,0,16.67,5
1139.8,590,0,16.56439021705612,4
1140.0,592,0,17.71114105563194,3
1140.2,593,0,16.67,2
1142.4,597,0,17.357013168151763,2
1144.0,598,0,27.085976552540743,1
1144.8,599,0,16.67,5
1154.0,606,0,16.67,1
1155.4,607,0,16.67,3
1162.2,610,0,16.67,4
1169.2,611,0,16.67,3
1170.2,613,0,16.67,5
1173.4,615,0,16.67,2
1180.0,616,0,16.67,3
1181.4,617,0,16.67,6
1182.8,618,0,16.67,2
1190.8,621,0,16.67,2
1197.2,623,0,16.67,4
1203.6,629,624,16.67,2
1203.6,624,0,16.67,3
1204.6,626,0,16.67,6
1206.4,627,0,16.67,2
1211.4,628,0,16.67,5
1213.2,630,0,16.67,4
1214.4,632,0,21.44850441567922,5
1217.8,634,0,27.598221617955506,5
1218.4,640,634,16.67,6
1220.8,638,0,16.67,6
1221.8,644,636,16.67,2
1221.8,636,0,16.67,3
1228.6,643,0,16.67,2
1238.2,645,0,16.67,3
1249.0,646,0,16.67,2
1249.2,647,0,16.67,3
1249.2,655,647,16.67,4
1251.4,649,0,16.67,4
1253.0,653,0,26.96615016964701,3
1254.6,652,0,16.67,6
1261.4,656,0,16.67,5
1264.0,658,0,16.67,2
1264.0,661,658,16.67,3
1266.6,660,0,16.67,3
1272.6,662,0,16.67,2
1273.8,663,0,16.67,1
1282.2,667,0,16.67,4
1284.2,668,0,16.67,3
1286.4,671,0,16.67,6
1291.2,687,672,16.67,3
1291.2,672,0,16.67,4
1293.0,674,0,16.67,5
1293.4,675,0,16.67,3
1293.8,678,0,18.73015584149399,4
1295.4,679,0,16.959832491387168,3
1297.2,682,0,27.604047071559627,2
1306.6,691,0,16.67,1
1311.2,694,0,16.67,3
1317.4,695,0,16.67,6
1320.0,696,0,16.67,5
1324.8,697,0,16.67,3
1326.0,699,0,16.67,5
1337.2,701,0,16.67,5
1339.2,703,0,16.67,2
1339.2,704,0,16.67,4
1339.4,702,0,16.649653590798497,5
1339.4,708,702,16.649653590798497,6
1341.6,707,0,28.698281368164114,6
1354.6,711,0,16.67,3
1355.6,712,0,16.67,5
1356.6,713,0,16.67,4
1359.0,714,0,16.67,2
1369.4,715,0,16.67,2
1371.4,716,0,16.67,5
1374.8,718,0,16.67,4
1377.0,719,0,16.67,3
1379.6,721,0,16.67,2
1382.0,723,0,16.67,5
1389.2,727,0,16.67,2
1390.8,730,0,16.67,5
1397.8,733,0,16.67,4
1402.4,735,0,16.67,5
1406.4,738,0,16.67,6
1407.2,739,0,16.67,1
1409.0,740,0,18.8241763712785,6
1418.2,743,0,16.67,1
1419.2,744,0,16.67,3
1419.2,748,744,16.67,4
1424.8,746,0,16.67,2
1426.2,753,747,16.67,3
1426.2,747,0,16.67,4
1428.4,757,749,16.66869773312687,4
1428.4,749,0,16.66869773312687,5
1428.6,750,0,16.67,3
1434.6,755,0,16.67,4
1437.0,759,0,16.67,1
1444.8,761,0,16.67,4
1446.6,762,0,16.67,2
1447.4,763,0,16.67,5
1450.4,765,0,16.67,1
1456.6,769,0,16.67,5
1458.6,770,0,16.67,6
1461.2,773,0,16.67,3
1462.2,774,0,16.67,1
1464.0,777,0,20.028355812324087,2
1464.0,776,0,16.67,4
1469.8,780,0,16.67,5
1471.0,782,0,16.67,3
1486.6,787,0,16.67,3
1487.6,788,0,16.67,6
1496.4,789,0,16.67,2
1506.2,790,0,16.67,1
1507.4,791,0,16.67,5
1520.0,796,792,16.67,5
1520.0,792,0,16.67,6
1520.8,793,0,16.67,1
1522.6,795,0,16.67,5
1528.0,797,0,16.67,2
1529.8,798,0,16.67,6
1530.2,799,0,16.589733500452528,2
1530.2,806,799,16.589733500452528,3
1532.8,802,0,20.000860196670537,2
1536.4,803,0,16.67,6
1537.6,804,0,16.67,3
1547.0,819,811,16.67,1
1547.0,811,0,16.67,2
1549.0,812,0,16.67,4
1549.8,814,0,19.825852582840778,2
1553.4,817,0,16.67,1
1554.2,818,0,16.67,3
1566.0,823,0,16.67,1
1566.4,827,824,16.67,2
1566.4,824,0,16.67,3
1568.6,826,0,16.67,2
1579.8,828,0,16.67,6
1586.0,829,0,16.67,3
1589.6,830,0,16.67,5
1591.6,831,0,16.67,6
1592.4,833,0,16.67,1
1594.6,835,0,17.216282279549116,1
1595.6,837,0,22.214815188523087,2
1597.2,838,0,16.67,4
1601.6,840,0,16.67,1
1607.6,844,0,16.67,4
1608.4,846,0,16.67,6
1614.8,847,0,16.67,1
1621.6,849,0,16.67,6
1623.2,850,0,16.67,1
1624.0,852,0,16.67,5
1624.2,851,0,16.67,2
1625.4,853,0,17.3264036032806,1
1627.8,855,0,18.358890279737935,1
1632.2,857,0,16.67,6
1634.4,858,0,16.67,5
1635.0,859,0,16.67,4
1639.4,864,0,16.67,2
1654.6,867,0,16.67,6
1661.8,868,0,16.67,5
1665.8,873,869,16.67,1
1665.8,869,0,16.67,2
1666.0,870,0,16.67,4
1668.2,871,0,16.67,1
1668.6,872,0,20.65386700795458,2
1676.8,874,0,16.67,4
1678.4,883,876,16.67,5
1678.4,876,0,16.67,6
1679.4,877,0,16.67,3
1680.4,879,0,16.67,2
1683.2,880,0,16.67,1
1685.8,881,0,16.67,5
1686.4,885,0,16.67,3
1688.2,886,0,17.75651998918232,5
1688.2,891,886,16.67,6
1690.0,888,0,27.90730711715343,6
1695.2,890,0,16.67,2
1701.0,894,0,16.67,5
1712.8,896,0,16.67,5
1717.0,898,0,16.67,3
1718.8,899,0,16.67,2
1720.8,900,0,16.67,5
1723.4,901,0,18.924574564303075,5
1723.4,908,901,18.924574564303075,6
1725.0,907,902,16.67,3
1725.0,902,0,16.67,4
1731.0,919,905,16.67,2
1731.0,923,905,16.67,3
1731.0,905,0,16.67,4
1731.2,906,0,16.67,6
1733.2,910,0,16.67,2
1733.2,927,910,16.67,3
1733.8,913,0,19.86028193028536,4
1735.4,914,0,16.67,1
1735.6,917,0,29.817763931463315,3
1737.2,924,0,28.1444207081233,2
1737.6,920,0,16.67,5
1745.6,929,0,16.67,2
1748.4,932,0,16.67,6
1752.4,933,0,16.67,5
1753.2,934,0,16.67,1
1754.2,935,0,22.032059336025966,5
1755.4,936,0,16.562453524615947,1
1755.4,957,936,16.67,2
1756.2,939,0,21.683958936538737,5
1756.4,940,0,19.6496145584923,6
1756.6,956,939,16.67,4
1757.4,943,0,28.710913843449802,2
1759.2,950,0,23.40929876518966,5
1760.6,947,0,16.67,3
1763.4,951,0,16.67,4
1773.2,962,0,16.67,1
1778.4,963,0,16.67,4
1787.6,965,0,16.67,6
1789.2,966,0,16.67,5
1791.4,968,0,16.67,4
1792.6,969,0,16.67,2
1795.2,981,971,16.67,1
1795.2,971,0,16.67,2
1798.0,973,0,16.67,1
1800.2,978,0,17.750702628451805,1
1800.4,974,0,16.67,5
1801.6,975,0,27.66339440152275,2
1803.4,979,0,23.692301951257626,3
1803.8,984,0,27.065552347703132,2
1809.0,987,0,16.67,4
1809.8,988,0,16.67,5
1821.0,996,0,16.67,5
1822.6,997,0,16.67,1
1825.6,999,0,29.80782590225991,6
1832.0,1000,0,16.67,5
1834.6,1002,0,19.37315111700729,4
1837.4,1003,0,16.67,6
1839.8,1006,0,27.002223467195126,5
1840.0,1017,1006,18.695528744062543,6
1842.4,1008,0,28.912877520016004,4
1842.6,1012,0,16.67,6
1844.2,1011,0,16.67,2
1846.0,1014,0,26.81406273056472,5
1846.6,1015,0,16.67,1
1850.6,1023,0,16.67,6
1869.6,1027,0,16.67,4
1870.6,1032,1028,16.67,5
1870.6,1028,0,16.67,6
1872.8,1029,0,16.656520045813657,6
1873.0,1030,0,16.67,5
1874.8,1031,0,16.757322274034358,6
1879.2,1033,0,16.67,2
1883.8,1034,0,16.67,6
1884.8,1035,0,16.67,4
1889.0,1038,0,16.67,1
1889.0,1048,1038,16.67,2
1891.2,1039,0,16.664843910796424,1
1892.6,1043,0,16.67,2
1896.2,1045,0,16.67,3
1897.2,1046,0,16.67,1
1907.8,1051,0,16.67,4
1907.8,1054,1051,16.67,5
1912.6,1052,0,16.67,2
1915.0,1053,0,16.67,5
1919.4,1055,0,16.67,6
1922.2,1056,0,16.67,2
1923.6,1059,0,16.67,1
1923.6,1058,0,16.67,3
1924.4,1057,0,16.660902056991425,2
1925.2,1061,0,16.67,4
1926.0,1063,0,17.43281573120416,3
1928.2,1068,0,21.373451362265865,4
1929.0,1065,0,16.67,6
1931.8,1069,0,19.95091583441243,6
1934.0,1072,0,16.67,4
1935.4,1073,0,16.67,1
1935.6,1075,0,16.67,5
1936.2,1074,0,17.270458563455477,4
1937.0,1077,0,21.57083758757232,3
1946.4,1085,0,16.67,4
1948.8,1086,0,16.67,2
1957.0,1089,0,16.67,1
1959.6,1091,0,16.67,4
1960.2,1093,0,16.67,2
1971.4,1099,0,16.67,5
1974.8,1100,0,16.67,4
1976.0,1101,0,16.67,2
1977.6,1102,0,16.67,6
1978.2,1103,0,16.67,3
1980.4,1104,0,16.67,1
1986.6,1106,0,16.67,3
1987.2,1107,0,16.67,4
1989.2,1110,0,18.556965875108034,3
1993.4,1113,0,16.67,4
1995.8,1114,0,16.67,2
1998.4,1116,0,16.67,1
2001.0,1120,0,16.67,6
2003.8,1122,0,16.67,4
2006.4,1126,0,18.934854623846263,4
2006.8,1125,0,16.67,3
2015.0,1128,0,16.67,1
2020.4,1131,0,16.67,2
2029.8,1132,0,16.67,4
2032.6,1133,0,16.67,5
2039.4,1135,0,16.67,2
2041.8,1136,0,16.67,1
2043.6,1137,0,16.67,3
2048.6,1138,0,16.67,6
2054.2,1139,0,16.67,1
2056.8,1142,0,16.67,2
2064.2,1143,0,16.67,5
2064.2,1147,1143,16.67,6
2066.4,1144,0,16.66869773312687,5
2071.8,1146,0,16.67,6
2072.0,1148,0,16.67,4
2079.0,1150,0,16.67,4
2082.4,1152,0,16.67,5
2089.4,1155,0,16.67,1
2089.6,1156,0,16.67,5
2091.2,1166,1157,16.67,2
2091.2,1157,0,16.67,3
2092.0,1160,0,18.327449989230008,1
2094.8,1161,0,16.67,4
2097.4,1163,0,16.67,6
2097.8,1164,0,16.67,1
2100.6,1167,0,16.67,2
2117.0,1170,0,16.67,1
2117.8,1171,0,16.67,6
2119.0,1173,0,16.67,2
2127.0,1175,0,16.67,3
2131.0,1176,0,16.67,6
2133.6,1177,0,16.67,5
2138.2,1178,0,16.67,1
2139.4,1179,0,16.67,3
2140.6,1181,0,18.204998990853987,1
2140.8,1188,1181,16.67,2
2142.6,1183,0,21.85565104353467,3
2144.0,1186,0,16.67,2
2144.0,1184,0,16.67,5
2145.6,1187,0,16.67,4
2153.8,1191,0,16.67,2
2156.8,1195,0,16.67,3
2166.0,1197,0,16.67,3
2166.4,1198,0,16.67,2
2168.4,1202,0,18.215579964275218,3
2169.2,1204,0,19.31235676766648,2
2169.4,1201,0,16.67,5
2170.6,1203,0,28.936276868868983,4
2172.6,1205,0,16.67,1
2177.6,1207,0,16.67,5
2179.6,1209,0,16.67,6
2182.0,1213,0,16.67,4
2185.6,1216,0,16.67,1
2187.8,1217,0,16.67,5
2187.8,1222,1217,16.67,6
2193.6,1218,0,16.67,4
2194.0,1221,0,16.67,5
2194.0,1226,1221,16.67,6
2196.8,1229,1223,19.70892544852756,5
2197.2,1223,0,22.01480032307264,6
2198.2,1224,0,28.726421506815047,5
2199.2,1225,0,20.242420320984664,6
2201.2,1228,0,19.450028661816965,6
2204.0,1230,0,16.67,1
2208.6,1232,0,16.67,4
2212.4,1234,0,16.67,2
2214.8,1235,0,16.67,1
2218.2,1238,0,16.67,6
2220.6,1239,0,17.86534575140809,6
2223.4,1240,0,16.67,1
2225.4,1242,0,16.67,3
2233.0,1246,0,16.67,5
2233.0,1254,1246,16.67,6
2233.4,1247,0,16.67,2
2233.6,1248,0,16.67,4
2235.2,1249,0,16.67,6
2236.2,1252,0,22.896446431422866,5
2251.4,1256,0,16.67,5
2252.4,1257,0,16.67,3
2253.6,1258,0,17.3264036032806,4
2253.6,1265,1258,17.3264036032806,5
2256.0,1259,0,16.67,6
2256.2,1263,0,16.67,5
2258.0,1262,0,16.770157795405744,6
2267.4,1266,0,16.67,1
2268.2,1268,0,16.67,6
2271.2,1270,0,16.67,4
2273.2,1272,0,16.67,3
2275.2,1273,0,16.67,5
2287.2,1274,0,16.67,6
2290.0,1275,0,16.67,4
2292.6,1276,0,18.782536586733237,5
2299.2,1277,0,16.67,4
2300.0,1279,0,16.67,6
2302.8,1282,0,16.67,2
2302.8,1283,0,24.861591853474117,4
2302.8,1284,0,19.31235676766648,6
2305.6,1285,0,19.31235676766648,2
2306.4,1286,0,29.60367323517065,3
2315.6,1291,0,16.67,4
2323.8,1294,0,16.67,4
2326.0,1295,0,16.65552235576872,5
2333.4,1300,0,16.67,4
2335.0,1302,0,16.67,5
2335.0,1306,1302,16.67,6
2336.2,1303,0,16.67,1
2337.6,1305,0,18.8241763712785,5
2339.2,1308,0,28.012615746697705,6
2346.6,1312,0,16.67,4
2352.8,1318,1314,16.67,3
2352.8,1314,0,16.67,4
2355.8,1315,0,16.67,1
2356.2,1316,0,16.67,3
2359.2,1317,0,16.67,5
2361.4,1319,0,16.67,6
2363.6,1321,0,16.67,2
2363.6,1334,1321,16.67,3
2365.6,1323,0,16.663337594454067,2
2365.6,1336,1323,16.67,3
2367.6,1328,0,16.67,3
2370.6,1332,0,16.67,4
2378.8,1338,0,16.67,3
2379.8,1339,0,16.67,5
2380.2,1341,0,16.67,2
2387.0,1343,0,16.67,4
2390.0,1344,0,16.67,1
2390.0,1354,1344,16.67,2
2391.0,1347,0,27.99602363134888,4
2392.4,1346,0,17.60770259408182,1
2393.0,1348,0,20.443800228830668,2
2395.2,1351,0,25.091334030340875,3
2402.6,1357,0,16.67,2
2404.0,1359,0,16.67,6
2410.0,1363,0,16.67,3
2410.4,1364,0,16.67,5
2412.2,1366,0,16.96068499460181,3
2413.2,1368,0,23.049331885599525,2
2413.6,1367,0,26.546684142396966,1
2419.2,1373,0,16.67,5
2423.0,1388,1379,16.67,4
2423.0,1379,0,27.10280502280907,5
2424.6,1380,0,16.67,3
2425.4,1381,0,16.67,1
2428.0,1384,0,18.924574564303075,2
2428.0,1383,0,16.67,6
2430.6,1387,0,16.67,3
2430.6,1393,1387,16.67,4
2433.8,1392,0,16.67,4
2435.0,1390,0,16.67,1
2441.6,1396,0,16.67,2
2451.4,1399,0,16.67,1
2452.2,1401,0,16.67,6
2453.6,1402,0,16.649653590798497,2
2456.2,1404,0,20.45685461850779,3
2460.0,1405,0,27.820592668158437,2
2460.6,1415,1405,16.67,1
2461.8,1407,0,23.513255087664604,2
2466.4,1412,0,16.67,5
2466.4,1424,1412,16.67,6
2467.4,1413,0,16.67,3
2467.8,1414,0,16.67,1
2469.0,1420,0,19.242036511845654,5
2469.0,1421,0,18.87281417762712,6
2481.4,1426,0,16.67,1
2481.4,1435,1426,16.67,2
2482.2,1429,0,16.67,6
2483.6,1430,0,16.612895559535005,1
2485.4,1433,0,16.67,4
2485.4,1440,1433,16.67,5
2489.0,1436,0,16.67,5
2489.6,1434,0,16.67,2
2492.2,1438,0,16.67,4
2493.6,1437,0,16.67,1
2502.4,1445,0,16.67,2
2512.4,1447,0,16.67,4
2512.8,1448,0,16.67,6
2515.4,1449,0,16.67,1
2515.8,1450,0,16.67,3
2530.0,1458,1451,16.67,3
2530.0,1451,0,16.67,4
2530.2,1452,0,16.67,6
2532.6,1455,0,17.86534575140809,6
2533.2,1454,0,22.01480032307264,3
2536.4,1456,0,16.67,2
2540.2,1460,0,16.67,3
2542.4,1462,0,16.664843910796424,4
2545.6,1466,0,23.545578185614623,3
2548.0,1469,0,16.67,5
2549.8,1470,0,16.67,4
2551.0,1472,0,16.67,2
2551.8,1476,0,21.757283760120163,4
2556.6,1479,0,16.67,5
2557.8,1480,0,16.67,2
2559.8,1482,0,16.67,1
2560.2,1486,0,16.67,6
2573.4,1491,0,16.67,2
2575.6,1493,0,16.67,5
2577.4,1494,0,16.67,1
2578.4,1495,0,16.67,6
2586.4,1497,0,16.67,1
2594.4,1500,0,16.67,2
2596.2,1501,0,16.67,5
2600.8,1502,0,16.67,1
2605.4,1504,0,16.67,2
2605.4,1508,1504,16.67,3
2607.8,1505,0,16.67,4
2613.2,1511,1507,16.67,3
2613.2,1507,0,31.45305634849254,4
2620.8,1509,0,16.67,1
2621.2,1510,0,16.67,3
2621.2,1517,1510,16.67,4
2623.4,1513,0,16.66869773312687,2
2623.4,1520,1513,16.66869773312687,3
2629.8,1516,0,16.67,4
2630.6,1518,0,16.67,3
2643.4,1523,0,16.67,5
2643.4,1530,1523,16.67,6
2645.8,1524,0,16.67,4
2646.2,1526,0,16.67,6
2646.8,1525,0,24.65978421009456,5
2648.2,1527,0,19.16004263289784,6
2651.0,1528,0,31.355744857165664,2
2652.2,1531,0,16.67,4
2654.4,1532,0,16.67,3
2658.8,1535,0,16.67,6
2660.6,1537,0,16.67,3
2663.0,1538,0,16.67,4
2663.4,1539,0,16.67,5
2665.2,1543,0,16.67,2
2673.2,1550,0,16.67,5
2675.0,1552,0,16.67,2
2675.0,1560,1552,16.67,3
2675.4,1551,0,16.612895559535005,5
2675.4,1559,1551,16.67,6
2678.8,1555,0,16.67,4
2679.0,1557,0,16.67,3
2681.2,1556,0,16.67,6
2700.0,1563,0,16.67,5
2703.6,1564,0,16.67,1
2704.0,1565,0,16.67,4
2706.0,1566,0,16.67,6
2709.0,1568,0,16.67,3
2710.6,1569,0,16.67,2
2718.2,1570,0,16.67,6
2721.0,1571,0,16.67,4
2722.0,1572,0,16.67,1
2722.0,1576,1572,16.67,2
2724.4,1574,0,16.67,2
2728.4,1575,0,16.67,3
2731.4,1577,0,16.67,4
2731.4,1581,1577,16.67,5
2738.4,1578,0,16.67,5
2738.6,1579,0,16.67,6
2739.2,1580,0,16.67,4
2741.8,1582,0,16.67,1
2744.6,1587,0,16.67,2
2754.2,1589,0,16.67,1
2754.6,1590,0,16.67,2
2757.0,1593,0,16.67,5
2759.4,1594,0,17.361193960941083,4
2759.8,1599,0,16.67,5
2760.6,1596,0,16.67,6
2766.2,1601,0,16.67,2
2781.0,1605,0,16.67,4
2788.0,1606,0,16.67,6
2791.6,1607,0,16.67,2
2793.2,1608,0,16.67,3
2796.6,1609,0,16.67,5
2796.6,1613,1609,16.67,6
2799.4,1611,0,16.67,5
2802.6,1612,0,16.67,6
2810.4,1617,0,16.67,4
2811.6,1618,0,16.67,3
2814.0,1619,0,16.67,5
2830.0,1621,0,16.67,4
2830.2,1622,0,16.67,2
2831.4,1623,0,16.67,6
2832.4,1624,0,17.05266759338781,2
2839.2,1625,0,16.67,2
2850.8,1628,0,16.67,3
2851.6,1629,0,16.67,1
2861.8,1630,0,16.67,4
2863.8,1632,0,16.67,2
2864.0,1631,0,16.67,6
2864.2,1634,0,16.67,5
2869.0,1636,0,16.67,3
2877.0,1637,0,16.67,2
2879.0,1639,0,16.67,1
2879.6,1640,0,16.67,4
2892.8,1641,0,16.67,6
2896.2,1642,0,16.67,1
2908.2,1643,0,16.67,4
2911.6,1644,0,16.67,1
2920.6,1646,0,16.67,6
2921.2,1647,0,16.67,2
2923.2,1648,0,16.67,4
2924.2,1650,0,16.67,3
2926.6,1651,0,16.67,5
2944.4,1653,0,16.67,1
2946.4,1654,0,16.67,6
2951.4,1655,0,16.67,4
2956.0,1656,0,16.67,6
2961.6,1658,0,16.67,3
2972.2,1659,0,16.67,6
2980.8,1660,0,16.67,3
2986.2,1661,0,16.67,4
2991.8,1662,0,16.67,2
2991.8,1671,1662,16.67,3
2993.2,1664,0,16.67,5
2993.6,1663,0,16.67,1
2995.2,1668,0,16.67,6
2999.0,1670,0,16.67,3
3000.2,1678,1672,16.67,4
3000.2,1672,0,16.67,5
3003.2,1676,0,28.255822178215997,4
3003.4,1674,0,16.67,1
3010.2,1681,0,16.67,3
3011.8,1699,1683,16.67,1
3011.8,1683,0,16.67,2
3011.8,1684,0,16.67,5
3012.4,1682,0,16.67,4
3013.4,1690,0,22.508355265270396,3
3014.0,1687,0,16.642170915461467,2
3014.8,1694,0,18.76254885119959,4
3015.0,1693,0,16.67,1
3022.8,1709,1702,16.67,3
3022.8,1702,0,16.67,4
3027.0,1705,0,28.489212928959805,6
3029.0,1706,0,16.67,2
3029.2,1707,0,16.67,3
3029.6,1708,0,16.67,4
3031.4,1714,0,17.59184529056017,2
3031.8,1711,0,16.67,5
3032.8,1716,0,25.42503911718248,3
3041.4,1719,0,16.67,3
3045.0,1722,0,16.67,2
3049.8,1724,0,16.67,6
3053.8,1725,0,16.67,1
3054.2,1726,0,16.67,3
3055.8,1737,1727,16.67,5
3055.8,1727,0,16.67,6
3056.4,1729,0,16.67,2
3058.6,1731,0,16.67,5
3058.8,1733,0,21.99709618955073,6
3059.0,1732,0,16.67,4
3064.8,1738,0,16.67,2
3070.8,1742,0,16.67,4
3077.2,1744,0,16.67,2
3078.8,1746,0,16.67,5
3078.8,1748,1746,16.67,6
3085.0,1747,0,16.67,6
3090.8,1749,0,16.67,1
3091.8,1750,0,16.67,3
3092.4,1751,0,16.67,6
3093.2,1752,0,16.67,5
3102.0,1756,0,16.67,4
3102.6,1757,0,16.67,1
3104.4,1759,0,16.67,3
3105.0,1761,0,17.909730253124234,1
3106.0,1760,0,25.666651657737916,2
3109.8,1765,0,16.67,6
3111.6,1766,0,16.67,3
3112.2,1768,0,16.67,5
3114.4,1770,0,16.67,4
3114.6,1773,0,21.609492219894232,3
3130.2,1780,0,16.67,4
3138.2,1781,0,16.67,6
3146.2,1782,0,16.67,3
3149.6,1783,0,16.67,6
3151.6,1785,0,16.67,2
3154.6,1786,0,16.67,4
3158.4,1787,0,26.964353872258815,4
3159.2,1790,1787,29.533056356727123,5
3165.6,1788,0,16.67,1
3165.8,1789,0,16.67,5
3173.8,1793,0,16.67,5
3176.0,1794,0,16.67,6
3182.6,1797,0,16.67,2
3185.6,1798,0,16.67,4
3191.4,1799,0,16.67,5
3196.4,1800,0,16.67,3
3200.2,1801,0,16.67,1
3204.2,1802,0,16.67,5
3204.4,1803,0,16.67,2
3204.4,1809,1803,16.67,3
3207.0,1805,0,16.67,3
3207.2,1806,0,16.67,4
3213.0,1810,0,16.67,1
3215.2,1812,0,17.3235465284725,2
3219.6,1816,0,16.67,3
3223.0,1818,0,16.67,1
3223.4,1819,0,32.1409148989493,3
3223.6,1828,1819,16.67,4
3226.0,1821,0,16.67,4
3226.4,1824,0,16.67,5
3227.8,1822,0,16.67,2
3232.6,1829,0,16.67,5
3232.6,1835,1829,16.67,6
3234.8,1830,0,16.67,6
3235.0,1831,0,16.67,3
3237.0,1833,0,16.67,1
3237.0,1839,1833,16.67,2
3239.4,1836,0,16.67,2
3241.8,1837,0,16.67,4
3250.6,1841,0,16.67,2
3257.8,1843,0,16.67,3
3258.2,1848,1844,16.67,4
3258.2,1844,0,16.67,5
3258.4,1845,0,16.67,1
3258.4,1850,1845,16.67,2
3260.4,1846,0,16.67,4
3260.8,1847,0,16.67,2
3270.4,1852,0,16.67,3
3277.4,1854,0,16.67,6
3280.2,1855,0,20.37458785437879,6
3284.6,1856,0,16.67,5
3292.2,1860,0,16.67,2
3292.8,1861,0,16.67,6
3299.0,1866,1863,16.67,3
3299.0,1863,0,16.67,4
3301.2,1864,0,16.64574108081835,3
3305.2,1865,0,16.67,2
3307.4,1868,0,16.67,4
3317.6,1874,0,16.67,1
3323.4,1875,0,16.67,5
3326.2,1877,0,16.67,4
3336.8,1879,0,16.67,4
3344.4,1881,0,16.67,5
3351.2,1882,0,16.67,2
3352.8,1883,0,16.67,3
3364.4,1884,0,16.67,3
3369.2,1886,0,16.67,2
3370.4,1887,0,16.67,1
3371.4,1888,0,16.86601219097725,2
3380.0,1889,0,16.67,3
3380.6,1891,0,16.67,6
3382.2,1892,0,16.577927501587432,4
3382.6,1896,0,18.327449989230008,3
3384.8,1899,0,17.559011541534062,3
3387.4,1900,0,30.723289679693742,2
3390.0,1905,0,30.92017772222607,2
3392.8,1910,0,31.168348373308874,2
3394.4,1907,0,16.67,5
3394.6,1906,0,16.71501463244179,1
3394.8,1911,0,28.079603278318782,2
3401.2,1914,0,16.67,3
3404.2,1917,0,16.67,2
3412.4,1919,0,16.67,4
3417.2,1920,0,16.67,2
3423.6,1923,0,16.67,3
3424.4,1924,0,16.67,6
3433.8,1925,0,16.67,3
3440.2,1927,0,16.67,6
3441.0,1928,0,16.67,2
3443.4,1930,0,17.823940000741608,1
3447.0,1932,0,26.706319645349602,2
3449.2,1933,0,16.67,5
3451.8,1935,0,16.67,6
3453.2,1945,1937,16.67,1
3453.2,1937,0,16.67,2
3455.6,1940,0,18.014765375035488,2
3455.8,1941,0,18.87281417762712,1
3466.6,1948,0,16.67,1
3474.8,1951,0,16.67,1
3475.2,1952,0,16.67,5
3477.4,1964,1954,16.649653590798497,4
3477.4,1954,0,16.649653590798497,5
3477.8,1955,0,16.67,2
3479.0,1958,0,16.67,6
3479.4,1960,0,28.22046626290507,4
3479.6,1959,0,16.67,3
3484.4,1962,0,16.67,4
3486.6,1965,0,16.67,5
3488.8,1966,0,16.67,3
3491.2,1969,0,16.67,2
3495.0,1973,0,16.67,4
3506.8,1976,0,16.67,6
3514.0,1977,0,16.67,2
3516.2,1978,0,16.67,1
3519.2,1980,0,16.67,3
3519.6,1981,0,16.67,6
3524.2,1983,0,16.67,5
3531.8,1984,0,16.67,4
3538.4,1985,0,16.67,3
3539.4,1986,0,16.67,2
3540.6,1987,0,16.67,5
3546.6,1989,0,16.67,2
3550.0,1990,0,24.313960323523418,1
3555.0,1992,0,16.67,2
3574.8,1994,0,16.67,2
3583.0,1995,0,16.67,5
3585.2,1996,0,16.874168236940164,5
3587.4,1997,0,16.67,4
3592.6,1999,0,16.67,6
3593.2,2001,0,16.67,2
3599.8,2003,0,16.67,4
共产生真实车与虚拟车：2005
