随机发出真实车： 1039
11.8,1,0,16.67,3
12.0,2,0,16.67,5
14.2,3,0,17.823940000741608,2
21.6,5,0,16.67,3
28.2,8,0,16.67,4
37.6,9,0,16.67,5
39.8,11,0,16.67,4
42.8,13,0,16.67,2
50.2,15,0,16.67,4
53.2,17,0,16.67,1
54.4,20,0,16.67,3
55.6,21,0,16.67,2
60.4,25,0,16.67,6
65.4,26,0,16.67,2
72.8,29,0,16.67,4
78.8,30,0,16.67,2
79.2,31,0,16.67,6
81.4,32,0,16.67,1
82.0,35,0,19.908936845233065,6
82.2,38,35,16.67,5
83.0,33,0,16.67,3
89.6,37,0,16.67,5
93.6,40,0,16.67,4
94.8,41,0,16.67,3
95.2,42,0,16.67,1
95.4,43,0,16.67,2
97.4,46,0,16.76677924758708,1
103.0,48,0,32.03672967036352,2
104.6,49,0,27.464046363976863,2
108.2,50,0,16.67,1
112.6,52,0,16.67,5
112.6,58,52,16.67,6
115.2,55,0,18.464215595980104,5
115.2,57,0,18.57246131478667,6
116.8,56,0,16.67,4
125.8,70,60,16.67,1
125.8,60,0,16.67,2
128.0,62,0,16.67,1
128.0,72,63,17.248845045010878,2
128.0,63,0,17.248845045010878,3
129.4,64,0,16.67,6
130.2,67,0,16.67,2
130.8,68,0,20.975826698304516,3
140.0,75,0,16.67,1
145.6,77,0,16.67,3
148.2,86,79,18.578167938116305,4
148.4,81,0,20.5775898975104,3
148.4,79,0,16.67,5
152.8,82,0,16.67,2
155.0,84,0,16.67,4
159.0,92,87,16.67,1
159.0,87,0,16.67,2
161.2,88,0,16.67,1
165.0,90,0,16.67,4
165.0,103,90,16.67,5
165.4,91,0,16.67,2
167.2,94,0,16.874180889061613,4
167.2,107,94,16.67,5
168.2,99,0,19.712039056014248,2
168.2,97,0,16.67,3
169.8,104,0,16.67,5
169.8,98,0,16.67,6
175.0,105,0,16.67,2
180.8,109,0,16.67,6
183.8,111,0,16.67,4
185.6,113,0,16.67,1
187.4,114,0,16.67,5
199.0,116,0,16.67,4
203.6,117,0,16.67,1
206.0,118,0,17.816558470881237,1
206.0,123,118,16.67,2
208.2,121,0,29.0282022486774,2
209.0,120,0,31.814451362344748,3
210.6,119,0,16.67,6
222.4,127,0,16.67,6
223.0,128,0,16.67,3
223.0,133,128,16.67,4
225.2,129,0,16.67,4
225.4,130,0,16.67,5
229.2,132,0,28.870947410387767,6
232.0,134,0,16.67,2
236.8,136,0,16.67,5
250.2,140,0,16.67,6
258.2,141,0,16.67,2
272.2,142,0,16.67,3
277.4,143,0,30.868848161705635,5
279.8,144,0,16.67,4
280.8,145,0,16.67,2
283.4,147,0,16.67,3
289.4,151,0,16.67,5
296.8,153,0,16.67,4
297.4,154,0,16.67,5
299.2,155,0,16.67,1
299.8,156,0,16.67,2
303.6,158,0,16.67,6
309.8,160,0,16.67,6
313.2,161,0,16.67,3
313.6,162,0,16.67,5
315.4,165,0,16.67,4
316.0,168,0,17.38510939578339,5
318.0,169,0,16.67,1
321.4,171,0,16.67,6
327.2,174,0,16.67,3
327.4,175,0,16.67,5
327.8,176,0,16.67,4
330.0,178,0,16.669626954247153,4
331.6,182,0,16.67,1
332.6,185,0,19.91216865686132,4
336.4,186,0,16.67,5
340.2,189,0,16.67,1
344.8,193,0,16.67,6
345.0,194,0,16.67,4
346.4,197,0,16.67,1
348.4,198,0,16.67,2
354.4,200,0,16.67,2
356.6,201,0,16.64574108081835,2
358.0,205,0,16.67,5
358.6,206,0,16.67,1
373.0,211,0,16.67,2
373.4,212,0,16.67,4
375.8,214,0,16.67,5
375.8,219,214,16.67,6
381.2,215,0,16.67,3
382.2,216,0,16.67,1
383.0,217,0,16.67,6
383.4,218,0,16.67,5
389.0,222,0,16.67,1
389.4,223,0,16.67,3
391.0,226,0,16.67,2
392.2,229,0,16.67,4
393.4,230,0,16.67,5
395.8,232,0,16.67,6
411.2,237,0,16.67,4
411.8,238,0,16.67,3
413.4,239,0,16.67,1
419.0,240,0,16.67,4
431.6,242,0,16.67,4
432.6,244,0,16.67,3
435.8,245,0,16.67,6
437.6,246,0,16.67,1
440.8,253,247,16.67,2
440.8,247,0,16.67,3
441.2,248,0,16.67,4
444.2,252,0,16.67,2
445.8,250,0,16.67,5
450.4,254,0,16.67,2
450.4,258,254,16.67,3
453.2,257,0,16.67,3
453.4,255,0,16.67,4
456.6,259,0,16.67,5
459.6,260,0,16.67,6
462.2,264,0,16.67,1
468.6,265,0,16.67,1
479.4,267,0,16.67,5
487.6,268,0,16.67,6
488.6,269,0,16.67,5
490.2,271,0,18.327449989230008,6
493.6,272,0,16.67,1
498.0,273,0,16.67,5
501.0,274,0,20.577607437637553,4
509.0,277,0,16.67,4
511.0,279,0,16.23739241419029,4
511.0,287,279,16.67,5
512.6,282,0,16.67,3
518.4,286,0,16.67,5
532.6,290,0,16.67,3
534.4,291,0,16.67,2
536.8,292,0,17.516463868682248,2
539.2,294,0,19.77993474463775,1
539.2,293,0,16.67,2
542.4,297,0,16.67,3
543.8,298,0,16.67,4
550.0,304,0,16.67,2
556.0,306,0,16.67,2
557.8,307,0,16.67,4
562.8,309,0,16.67,1
566.2,311,0,16.67,3
566.8,312,0,16.67,2
572.2,314,0,16.67,3
584.4,317,0,16.67,2
585.4,318,0,16.67,5
589.4,319,0,16.67,1
595.8,320,0,16.67,4
600.0,321,0,16.67,6
602.6,322,0,16.67,1
610.0,324,0,16.67,3
612.4,325,0,16.67,1
616.4,326,0,16.67,4
617.4,327,0,16.67,5
623.6,329,0,16.67,5
623.6,333,329,16.67,6
626.4,330,0,19.537501339554616,5
630.0,332,0,16.67,6
637.0,336,0,16.67,3
640.0,337,0,16.67,2
645.4,339,0,16.67,6
647.4,340,0,16.67,4
648.2,342,0,16.67,5
650.4,344,0,16.67,3
659.2,346,0,16.67,3
660.6,348,0,16.67,5
669.8,350,0,16.67,5
672.2,351,0,16.67,6
681.4,354,0,16.67,5
681.4,359,354,16.67,6
684.6,355,0,16.67,4
688.2,357,0,16.67,5
688.2,362,357,16.67,6
689.6,358,0,16.67,2
694.8,360,0,16.67,6
695.8,370,361,16.67,1
695.8,361,0,16.67,2
698.0,363,0,16.67,1
698.4,365,0,16.67,4
698.6,367,0,20.65386700795458,2
700.6,366,0,16.67,5
704.6,372,0,16.67,4
709.4,374,0,16.67,4
712.0,379,0,19.227572360766686,5
713.0,377,0,16.67,2
716.0,382,0,16.67,3
719.4,384,0,23.309347389373393,4
720.0,387,0,16.67,6
722.8,388,0,16.67,3
724.6,390,0,23.380535244508874,3
724.8,398,390,16.67,2
726.0,392,0,30.93764352021215,2
730.4,396,0,16.67,4
738.0,402,0,16.67,4
744.2,404,0,16.67,5
757.6,405,0,16.67,2
759.6,406,0,16.67,1
767.0,407,0,16.67,4
778.8,413,408,16.67,5
778.8,408,0,16.67,6
781.6,411,0,20.187808901814044,6
783.8,409,0,16.67,4
785.0,412,0,16.67,5
786.2,414,0,17.722253243307804,4
788.6,417,0,19.567778665882564,4
790.0,416,0,16.67,1
791.8,418,0,16.67,2
797.4,422,0,16.67,4
798.4,424,0,16.67,5
800.6,428,0,17.119073727330395,5
800.6,431,428,16.67,6
802.8,429,0,16.67,6
805.6,430,0,16.67,3
808.2,432,0,16.67,5
815.8,436,0,16.67,2
820.2,438,0,16.67,4
820.6,439,0,16.67,1
825.8,440,0,16.67,5
826.4,442,0,16.67,3
827.0,443,0,16.67,6
828.2,444,0,29.837707481283033,5
830.2,445,0,21.846752414428764,6
833.0,446,0,16.67,2
834.6,448,0,16.67,3
842.6,454,0,16.67,3
845.0,455,0,16.67,4
845.8,459,0,16.67,2
846.8,458,0,16.67,1
847.2,457,0,16.66579269446661,4
848.4,462,0,25.182944299061788,5
848.6,461,0,19.82655059346574,2
849.0,470,461,16.86601219097725,1
850.4,468,0,25.99504169820334,1
865.2,474,0,16.67,3
868.6,479,475,16.67,1
868.6,475,0,16.67,2
870.6,476,0,16.67,6
874.2,477,0,16.67,3
874.2,485,477,16.67,4
875.4,478,0,16.67,1
878.4,480,0,16.67,6
881.0,482,0,16.67,4
881.2,483,0,16.67,3
887.2,487,0,16.67,1
899.4,491,0,16.67,6
901.2,492,0,16.67,5
907.0,493,0,16.67,6
914.6,494,0,16.67,4
915.4,495,0,16.67,5
917.2,499,0,16.67,4
917.4,500,0,19.446160117868544,3
917.6,496,0,16.971030178135386,5
918.8,498,0,23.68037208899674,6
919.4,504,0,17.48962073713531,4
924.4,513,507,16.67,1
924.4,507,0,16.67,2
929.6,510,0,16.67,5
930.6,512,0,16.67,1
935.8,515,0,16.67,6
940.0,516,0,16.67,5
941.4,517,0,16.67,3
942.0,518,0,16.67,2
942.2,519,0,16.67,1
942.6,521,0,19.29475463427405,5
946.2,524,0,16.67,4
956.8,529,0,16.67,3
963.4,531,0,16.67,1
964.4,532,0,16.67,6
972.8,533,0,16.67,3
976.4,535,0,25.5158403892637,3
976.4,544,535,25.5158403892637,4
978.2,536,0,16.67,1
979.4,539,0,23.45684015766331,2
980.0,550,540,16.67,4
980.0,540,0,16.67,5
980.2,538,0,16.67,6
982.6,542,0,19.216287952737602,5
984.8,546,0,16.67,3
986.4,549,0,16.67,4
997.4,556,0,16.67,4
998.0,558,0,16.67,3
1001.8,561,0,16.67,2
1002.8,560,0,16.67,6
1005.4,564,0,16.67,6
1006.0,563,0,16.67,3
1006.0,565,0,32.25572893743019,5
1009.8,567,0,16.67,4
1013.2,570,0,16.67,6
1020.2,575,0,16.67,2
1021.8,576,0,16.67,5
1025.2,577,0,24.22232876740493,5
1027.8,578,0,16.67,4
1028.8,579,0,16.67,6
1030.4,581,0,16.67,3
1035.0,585,0,16.67,2
1042.4,588,0,16.67,1
1046.6,589,0,16.67,3
1060.4,590,0,16.67,3
1060.8,591,0,16.67,6
1070.0,593,0,16.67,4
1071.8,594,0,16.67,5
1083.8,595,0,16.67,1
1083.8,599,595,16.67,2
1086.0,596,0,17.248845045010878,1
1086.2,597,0,16.67,2
1094.0,600,0,16.67,5
1096.4,601,0,16.67,6
1099.8,603,0,16.67,3
1105.2,604,0,16.67,2
1107.6,605,0,16.67,1
1108.4,607,0,16.67,4
1117.8,608,0,16.67,4
1119.0,610,0,16.67,2
1123.0,612,0,16.67,1
1126.8,613,0,16.67,5
1128.0,614,0,16.67,2
1128.8,615,0,16.67,6
1137.0,617,0,16.67,6
1137.6,632,618,16.67,2
1137.6,618,0,16.67,3
1138.4,620,0,16.67,5
1139.8,621,0,16.56439021705612,4
1140.0,624,0,16.67,1
1140.0,635,624,16.67,2
1140.0,623,0,17.71114105563194,3
1142.4,626,0,16.67,2
1143.2,630,0,23.68259315331044,1
1144.8,631,0,16.67,5
1154.0,638,0,16.67,1
1155.4,639,0,16.67,3
1162.2,640,0,16.67,4
1169.2,641,0,16.67,3
1170.2,642,0,16.67,5
1173.2,643,0,27.89340388659467,2
1180.0,644,0,16.67,3
1181.4,645,0,16.67,6
1182.8,647,0,16.67,2
1190.8,650,0,16.67,2
1197.2,652,0,16.67,4
1203.6,653,0,16.67,1
1204.6,655,0,16.67,6
1207.2,656,0,16.67,2
1211.4,658,0,16.67,5
1213.2,659,0,16.67,4
1214.4,661,0,21.44850441567922,5
1217.0,662,0,24.26831095782024,5
1220.2,667,0,16.67,6
1221.8,672,665,16.67,2
1221.8,665,0,16.67,3
1228.6,671,0,16.67,2
1238.2,673,0,16.67,3
1249.0,674,0,16.67,1
1249.0,683,674,16.67,2
1249.2,675,0,16.67,4
1251.4,677,0,16.67,2
1254.4,681,0,16.67,3
1254.6,679,0,16.67,6
1261.4,684,0,16.67,5
1264.0,685,0,16.67,4
1267.0,688,0,16.67,3
1272.6,691,0,16.67,2
1273.8,692,0,16.67,1
1282.2,693,0,16.67,3
1283.8,694,0,16.67,4
1286.4,697,0,16.67,6
1290.2,698,0,27.450591554590357,6
1293.4,699,0,16.67,5
1293.8,700,0,16.67,3
1295.4,702,0,16.67,4
1295.6,703,0,16.67,1
1297.6,707,0,16.67,2
1306.6,715,0,16.67,1
1311.2,717,0,16.67,3
1317.4,718,0,16.67,6
1320.0,719,0,16.67,4
1320.0,723,719,16.67,5
1324.8,720,0,16.67,3
1326.0,721,0,16.67,5
1337.2,724,0,16.67,6
1338.8,726,0,16.67,2
1339.2,727,0,16.67,4
1339.2,725,0,16.67,5
1344.6,731,0,16.67,6
1354.6,732,0,16.67,3
1355.6,733,0,16.67,5
1356.6,734,0,16.67,4
1359.0,735,0,16.67,2
1369.4,736,0,16.67,2
1371.4,737,0,16.67,5
1374.8,740,0,16.67,4
1377.0,741,0,16.67,3
1379.6,743,0,16.67,2
1382.0,745,0,16.67,5
1389.2,747,0,16.67,2
1390.8,749,0,16.67,5
1397.8,752,0,16.67,4
1402.4,754,0,16.67,5
1406.4,756,0,16.67,6
1407.2,757,0,16.67,1
1409.0,759,0,18.8241763712785,6
1418.2,760,0,16.67,1
1419.2,761,0,16.67,3
1419.2,766,761,16.67,4
1423.2,764,0,27.239518269539474,2
1426.2,765,0,16.67,5
1428.4,767,0,16.67,4
1429.4,768,0,16.67,3
1434.6,771,0,16.67,4
1437.0,772,0,16.67,1
1444.8,776,0,16.67,4
1446.6,778,0,16.67,2
1447.4,779,0,16.67,5
1450.4,781,0,16.67,1
1456.6,785,0,16.67,5
1458.8,786,0,16.67,6
1461.2,787,0,16.67,3
1462.2,789,0,16.67,1
1464.0,793,0,16.67,4
1464.2,794,0,16.67,2
1469.8,796,0,16.67,5
1471.0,798,0,16.67,3
1486.6,801,0,16.67,3
1487.6,802,0,16.67,6
1496.4,804,0,16.67,2
1506.2,805,0,16.67,1
1507.4,806,0,16.67,5
1520.0,807,0,16.67,4
1520.0,811,807,16.67,5
1520.8,808,0,16.67,1
1522.6,810,0,16.67,5
1528.0,816,812,16.67,2
1528.0,812,0,16.67,3
1529.8,813,0,16.67,5
1529.8,819,813,16.67,6
1530.2,814,0,16.67,2
1530.2,822,814,16.649653590798497,3
1532.8,815,0,19.99619542022928,2
1536.4,817,0,16.67,6
1537.6,818,0,16.67,3
1547.0,831,826,16.67,1
1547.0,826,0,16.67,2
1549.0,833,827,16.67,3
1549.0,835,827,16.67,4
1549.0,827,0,16.67,5
1551.2,828,0,16.67,4
1553.4,830,0,16.67,1
1553.6,832,0,16.67,3
1566.0,836,0,16.67,1
1566.4,837,0,16.67,3
1568.6,838,0,16.67,2
1579.8,840,0,16.67,6
1586.0,841,0,16.67,3
1589.6,842,0,16.67,5
1591.6,843,0,16.67,6
1592.4,845,0,16.67,1
1594.8,847,0,17.516463868682248,1
1595.6,849,0,22.76592251208767,2
1597.2,850,0,16.67,4
1601.6,852,0,16.67,1
1607.6,855,0,16.67,4
1608.4,857,0,16.67,6
1614.8,859,0,16.67,1
1621.6,861,0,16.67,6
1623.2,862,0,16.67,1
1624.0,864,0,16.67,5
1624.2,863,0,16.67,2
1625.4,868,0,17.3264036032806,1
1627.8,869,0,18.358890279737935,1
1632.2,870,0,16.67,6
1634.4,872,0,16.67,5
1635.0,873,0,16.67,4
1639.4,877,0,16.67,2
1654.6,879,0,16.67,6
1661.8,880,0,16.67,5
1665.8,881,0,16.67,2
1666.0,882,0,16.67,4
1668.2,885,0,18.215579964275218,2
1668.4,883,0,16.67,1
1676.8,886,0,16.67,2
1678.4,895,887,16.67,5
1678.4,887,0,16.67,6
1679.2,888,0,16.67,3
1680.0,890,0,22.558246017738625,2
1680.4,898,890,16.67,1
1682.8,893,0,16.67,1
1685.8,894,0,16.67,5
1686.4,897,0,16.67,3
1688.0,899,0,17.099771159260666,5
1689.2,902,0,25.613975718622832,6
1695.2,905,0,16.67,2
1701.0,909,0,16.67,5
1712.8,912,0,16.67,5
1717.0,914,0,16.67,3
1718.8,915,0,16.67,2
1720.8,916,0,16.67,6
1723.2,917,0,16.67,6
1725.0,918,0,16.67,1
1725.0,927,918,16.67,2
1725.0,923,918,16.67,3
1731.0,934,921,16.67,2
1731.0,937,921,16.67,3
1731.0,921,0,16.67,4
1731.2,922,0,16.67,6
1733.2,924,0,16.67,3
1733.8,928,0,19.86028193028536,4
1735.4,929,0,16.67,1
1736.0,933,0,20.340847309931043,3
1737.6,935,0,16.67,5
1738.6,939,0,24.64575720922729,1
1738.6,946,939,24.64575720922729,2
1745.6,944,0,16.67,2
1748.4,950,0,16.67,6
1752.4,951,0,16.67,4
1753.2,952,0,16.67,3
1754.6,953,0,16.76677924758708,4
1755.4,967,954,16.67,2
1755.4,954,0,16.60450322562759,3
1757.2,970,955,27.79266941990422,2
1757.2,956,0,16.67,6
1757.4,955,0,16.624158697640357,3
1759.0,957,0,22.53158904774138,2
1760.0,961,0,20.181097533826446,3
1762.4,964,0,16.67,5
1763.4,965,0,16.67,4
1773.2,974,0,16.67,1
1778.4,976,0,16.67,4
1787.6,978,0,16.67,6
1789.2,979,0,16.67,5
1791.2,981,0,16.67,4
1792.6,983,0,16.67,2
1795.2,995,984,16.67,1
1795.2,984,0,16.67,2
1799.6,999,986,30.451884774696275,3
1800.0,986,0,16.67,4
1800.4,987,0,16.67,5
1801.4,994,0,16.67,3
1801.8,988,0,16.67,1
1801.8,1003,988,16.67,2
1803.8,993,0,16.664589597647716,1
1807.8,998,0,16.67,2
1809.0,1001,0,16.67,4
1809.8,1002,0,16.67,5
1821.0,1011,0,16.67,5
1822.6,1013,0,16.67,1
1826.2,1014,0,16.67,6
1830.6,1015,0,28.936276868868983,5
1835.0,1017,0,16.67,4
1837.4,1019,0,16.67,6
1840.0,1022,0,18.695528744062543,6
1842.4,1026,0,18.481206324195,6
1842.8,1033,1023,22.881103848402148,5
1843.8,1023,0,16.67,4
1844.2,1025,0,16.67,2
1844.4,1028,0,29.888484114026742,5
1846.6,1029,0,16.67,1
1850.6,1035,0,16.67,6
1869.6,1039,0,16.67,4
1870.6,1044,1040,16.67,5
1870.6,1040,0,16.67,6
1872.8,1041,0,16.656520045813657,6
1873.0,1042,0,16.67,5
1874.8,1043,0,16.6569846563738,6
1879.2,1045,0,16.67,2
1883.8,1046,0,16.67,6
1884.8,1048,0,16.67,4
1889.0,1051,0,16.67,2
1891.2,1053,0,16.67,1
1894.0,1055,0,16.67,5
1896.0,1056,0,16.67,4
1897.2,1060,0,16.67,1
1907.8,1069,1065,16.67,5
1907.8,1065,0,16.67,6
1912.6,1067,0,16.67,2
1915.0,1068,0,16.67,5
1919.4,1070,0,16.67,6
1922.2,1072,0,16.67,2
1924.0,1077,0,16.67,1
1924.0,1076,0,16.67,3
1924.4,1075,0,16.66579269446661,2
1925.2,1078,0,16.67,6
1927.4,1079,0,16.67,4
1927.8,1084,0,19.227572360766686,5
1927.8,1080,0,18.3205972883231,6
1930.4,1087,0,21.12844188962039,5
1933.0,1093,0,23.598744386928793,5
1934.0,1089,0,16.67,4
1935.4,1090,0,16.67,1
1936.2,1092,0,17.270458563455477,4
1938.0,1096,0,16.67,3
1946.4,1101,0,16.67,4
1948.8,1104,0,16.67,2
1957.0,1107,0,16.67,2
1959.6,1109,0,16.67,4
1961.6,1110,0,16.67,3
1971.4,1115,0,16.67,5
1974.8,1116,0,16.67,4
1976.0,1118,0,16.67,2
1977.6,1119,0,16.67,6
1978.2,1121,0,16.67,3
1980.4,1122,0,16.67,1
1986.6,1124,0,16.67,2
1986.6,1133,1124,16.67,3
1987.2,1137,1125,16.67,4
1987.2,1125,0,16.67,5
1989.6,1130,0,16.67,3
1993.4,1131,0,16.67,4
1995.8,1135,0,16.67,1
1998.0,1138,0,17.3264036032806,1
2001.0,1139,0,16.67,6
2003.8,1140,0,16.67,2
2003.8,1145,1140,16.67,3
2006.4,1142,0,16.67,3
2008.8,1143,0,16.67,4
2015.0,1146,0,16.67,1
2020.4,1148,0,16.67,2
2029.8,1149,0,16.67,4
2032.4,1150,0,16.67,5
2039.4,1152,0,16.67,2
2041.8,1153,0,16.67,1
2043.6,1154,0,16.67,3
2048.6,1155,0,16.67,6
2054.2,1156,0,16.67,1
2056.8,1159,0,16.67,2
2064.2,1160,0,16.67,6
2066.4,1161,0,16.67,5
2071.8,1163,0,16.67,6
2072.0,1164,0,16.67,3
2072.0,1167,1164,16.67,4
2079.0,1166,0,16.67,4
2082.4,1169,0,16.67,5
2089.4,1171,0,16.67,1
2089.6,1172,0,16.67,5
2091.2,1181,1173,16.67,2
2091.2,1173,0,16.67,3
2092.0,1175,0,18.327449989230008,1
2094.8,1176,0,16.67,4
2097.4,1178,0,16.67,6
2097.8,1179,0,16.67,3
2100.6,1182,0,16.67,2
2117.0,1185,0,16.67,3
2117.8,1186,0,16.67,6
2119.0,1188,0,16.41171429635579,2
2127.0,1190,0,16.67,3
2131.0,1193,0,16.67,6
2133.6,1195,0,16.67,5
2138.2,1197,0,16.67,1
2139.4,1198,0,16.67,3
2140.8,1199,0,16.67,2
2143.2,1201,0,16.67,4
2143.6,1205,0,16.67,2
2144.0,1203,0,16.67,5
2145.6,1206,0,17.38510939578339,4
2153.8,1208,0,16.67,2
2156.8,1212,0,16.67,3
2166.0,1214,0,16.67,4
2166.4,1215,0,16.67,2
2168.6,1218,0,19.227572360766686,3
2168.8,1219,0,19.31235676766648,4
2169.2,1222,0,19.31235676766648,2
2169.4,1217,0,16.67,5
2172.6,1223,0,16.67,1
2177.6,1225,0,16.67,5
2179.6,1226,0,16.41170451508084,5
2179.6,1236,1226,16.41170451508084,6
2182.0,1230,0,16.67,4
2185.6,1233,0,16.67,1
2187.8,1235,0,16.67,5
2187.8,1244,1235,16.67,6
2193.6,1239,0,16.67,4
2194.0,1243,0,16.67,5
2194.0,1250,1243,16.67,6
2196.6,1246,0,20.65386700795458,4
2197.8,1248,0,26.79752344749202,5
2199.8,1249,0,23.70532832692409,5
2200.0,1256,1249,20.252812640974795,6
2201.6,1252,0,30.797109121812575,6
2204.0,1254,0,16.67,1
2208.6,1258,0,16.67,4
2212.4,1262,0,16.67,2
2214.8,1263,0,16.67,1
2218.2,1265,0,16.67,5
2218.2,1272,1265,16.67,6
2220.8,1267,0,16.67,6
2223.4,1268,0,16.67,1
2225.4,1270,0,16.67,3
2233.0,1274,0,16.67,6
2233.4,1275,0,16.67,2
2233.6,1276,0,16.67,4
2235.2,1278,0,17.3264036032806,6
2236.8,1280,0,27.090692528346274,5
2251.4,1291,1283,16.67,5
2251.4,1283,0,16.67,6
2252.4,1284,0,16.67,3
2253.8,1285,0,16.67,4
2253.8,1292,1285,16.67,5
2254.4,1287,0,20.971188564160393,6
2256.2,1290,0,16.67,5
2256.4,1289,0,20.06809728095427,6
2267.4,1295,0,16.67,1
2268.2,1296,0,16.67,6
2271.2,1298,0,16.67,4
2273.2,1299,0,16.67,3
2275.2,1301,0,16.67,5
2287.2,1302,0,16.67,6
2290.0,1303,0,16.67,4
2292.8,1304,0,16.67,5
2299.2,1305,0,16.67,4
2300.0,1306,0,16.67,5
2302.8,1307,0,16.67,2
2303.4,1308,0,28.61251511949323,4
2303.8,1317,1308,16.67,3
2304.0,1310,0,16.67,6
2305.6,1315,0,19.31235676766648,2
2306.8,1316,0,16.67,3
2315.6,1320,0,16.67,4
2323.8,1323,0,16.67,4
2323.8,1327,1323,16.67,5
2326.0,1324,0,16.67,5
2333.4,1328,0,16.67,4
2335.0,1329,0,16.67,6
2336.2,1331,0,16.67,1
2338.2,1333,0,16.67,5
2339.0,1334,0,27.786882895345666,6
2346.6,1337,0,16.67,4
2352.8,1344,1340,16.67,3
2352.8,1340,0,16.67,4
2355.8,1341,0,16.67,1
2356.2,1342,0,16.67,3
2359.2,1343,0,16.67,6
2361.4,1345,0,16.67,5
2363.6,1347,0,16.67,3
2364.2,1350,0,20.211913226101604,5
2365.0,1359,1351,25.099980823003325,4
2365.8,1351,0,17.734007904484848,3
2369.4,1356,0,16.67,4
2378.8,1363,0,16.67,3
2379.8,1364,0,16.67,5
2380.2,1366,0,16.67,2
2387.0,1368,0,16.67,4
2389.6,1369,0,18.614681061528668,4
2392.6,1371,0,16.67,1
2392.8,1372,0,16.67,2
2395.0,1373,0,17.683802780115695,1
2395.0,1381,1373,17.013093837147828,2
2395.0,1376,0,17.488913043029864,3
2402.6,1380,0,16.67,2
2404.0,1382,0,16.67,6
2410.0,1394,1386,16.67,1
2410.0,1386,0,16.67,2
2410.4,1387,0,16.67,5
2412.4,1391,0,16.67,1
2412.4,1389,0,17.363881824884356,3
2412.8,1392,0,20.27804293422283,2
2419.2,1396,0,16.67,5
2423.0,1400,0,16.67,4
2424.6,1401,0,16.67,3
2425.4,1402,0,16.67,1
2428.0,1403,0,16.67,6
2428.2,1404,0,16.67,2
2430.6,1407,0,16.67,4
2433.2,1411,0,16.67,4
2435.0,1409,0,16.67,1
2441.6,1415,0,16.67,2
2451.4,1416,0,16.67,1
2452.2,1418,0,16.67,6
2453.6,1419,0,16.67,2
2456.6,1421,0,16.67,3
2460.6,1423,0,16.67,1
2462.6,1424,0,16.67,2
2466.4,1425,0,16.67,5
2467.4,1426,0,16.67,3
2467.8,1427,0,16.67,1
2468.8,1432,0,18.135444729232663,5
2469.0,1433,0,18.87281417762712,6
2481.4,1441,0,16.67,1
2481.4,1449,1441,16.67,2
2482.2,1442,0,16.67,6
2483.6,1443,0,16.65552235576872,1
2485.4,1445,0,16.67,5
2489.6,1448,0,16.67,2
2490.4,1450,0,16.67,3
2493.0,1452,0,16.67,4
2493.6,1451,0,16.67,1
2502.4,1457,0,16.67,2
2512.4,1459,0,16.67,4
2512.8,1460,0,16.67,6
2515.4,1461,0,16.67,1
2515.8,1462,0,16.67,3
2530.0,1463,0,16.67,2
2530.0,1471,1463,16.67,3
2530.2,1464,0,16.67,5
2533.0,1467,0,20.197730613014862,6
2533.2,1466,0,16.67,3
2533.8,1469,0,26.824829392309425,2
2540.2,1472,0,16.67,5
2542.2,1473,0,16.237382632915338,4
2545.4,1478,0,31.544706444335894,4
2545.6,1489,1478,23.6391848621622,3
2548.0,1481,0,16.67,5
2548.2,1482,0,16.67,3
2550.2,1487,0,28.452687786700114,4
2551.0,1485,0,16.67,2
2556.6,1491,0,16.67,5
2557.8,1492,0,16.67,2
2560.0,1496,0,16.67,1
2560.2,1498,0,16.67,6
2573.4,1502,0,16.67,2
2575.6,1504,0,16.67,5
2575.6,1508,1504,16.67,6
2577.4,1506,0,16.67,1
2578.0,1507,0,16.67,6
2586.4,1509,0,16.67,1
2594.4,1511,0,16.67,2
2596.2,1512,0,16.67,5
2600.8,1513,0,16.67,1
2605.4,1514,0,16.67,5
2607.8,1515,0,16.67,4
2613.2,1520,1517,31.853397091785947,3
2613.2,1517,0,31.853397091785947,4
2620.8,1518,0,16.67,1
2621.2,1519,0,16.67,5
2623.4,1522,0,16.660902056991425,5
2629.8,1527,0,16.67,4
2630.6,1529,0,16.67,3
2643.4,1533,0,16.67,5
2645.6,1534,0,16.67,4
2645.6,1542,1534,17.140893673512068,5
2646.6,1536,0,16.67,6
2647.4,1535,0,28.017423483824924,5
2649.2,1537,0,23.224914614244355,5
2651.0,1540,0,32.213190453477786,2
2652.2,1541,0,16.67,4
2654.4,1543,0,16.67,3
2658.8,1546,0,16.67,6
2660.6,1557,1549,16.67,4
2660.6,1549,0,16.67,5
2662.8,1551,0,16.67,4
2663.0,1552,0,17.503348283323966,5
2665.2,1555,0,16.67,2
2673.2,1559,0,16.67,5
2675.0,1569,1561,16.67,3
2675.0,1561,0,16.67,4
2675.2,1560,0,16.41171429635579,5
2675.2,1571,1560,16.67,6
2677.6,1566,0,18.327449989230008,4
2679.8,1568,0,30.47156890978127,3
2681.2,1567,0,16.67,6
2700.0,1574,0,16.67,5
2703.6,1575,0,16.67,1
2704.0,1576,0,16.67,4
2706.0,1577,0,16.67,6
2709.0,1579,0,16.67,3
2710.6,1580,0,16.67,2
2718.2,1581,0,16.67,6
2721.0,1583,0,16.67,4
2722.0,1584,0,16.67,3
2724.6,1586,0,18.317489034008254,2
2728.4,1588,0,16.67,3
2731.4,1595,1589,16.67,5
2731.4,1589,0,16.67,6
2738.4,1592,0,16.67,5
2738.6,1593,0,16.67,6
2739.2,1594,0,16.67,4
2741.8,1596,0,16.67,3
2744.6,1598,0,16.67,2
2754.2,1600,0,16.67,1
2754.6,1601,0,16.67,2
2757.0,1608,1603,16.67,5
2757.0,1603,0,16.67,6
2759.6,1604,0,16.67,4
2759.6,1606,0,18.358937118884448,6
2760.0,1607,0,21.57083758757232,5
2766.2,1609,0,16.67,2
2781.0,1614,0,16.67,4
2788.0,1615,0,16.67,6
2791.6,1616,0,16.67,2
2793.2,1617,0,16.67,3
2796.6,1618,0,16.67,5
2796.6,1621,1618,16.67,6
2799.4,1619,0,19.31235676766648,5
2800.8,1620,0,28.762672790173962,6
2810.4,1624,0,16.67,4
2811.6,1625,0,16.67,3
2814.0,1627,0,16.67,5
2830.0,1631,0,16.67,4
2830.2,1632,0,16.67,3
2831.4,1633,0,16.67,6
2832.6,1637,1634,16.67,2
2832.6,1634,0,17.5711499858155,3
2839.2,1636,0,16.67,2
2850.8,1640,0,16.67,3
2851.6,1641,0,16.67,1
2861.8,1642,0,16.67,4
2863.8,1644,0,16.67,2
2864.0,1643,0,16.67,6
2864.2,1646,0,16.67,5
2869.0,1648,0,16.67,3
2877.0,1649,0,16.67,2
2879.0,1651,0,16.67,1
2879.6,1652,0,16.67,4
2892.8,1653,0,16.67,6
2896.2,1654,0,16.67,1
2908.2,1655,0,16.67,4
2911.6,1656,0,16.67,1
2920.6,1658,0,16.67,6
2921.2,1659,0,16.67,2
2923.2,1660,0,16.67,4
2924.2,1662,0,16.67,3
2926.6,1663,0,16.67,5
2944.4,1665,0,16.67,1
2946.4,1666,0,16.67,6
2951.4,1667,0,16.67,4
2956.0,1668,0,16.67,6
2961.6,1670,0,16.67,3
2972.2,1671,0,16.67,6
2980.8,1672,0,16.67,3
2986.2,1673,0,16.67,4
2991.8,1674,0,16.67,1
2993.8,1676,0,16.67,5
2994.0,1675,0,16.67,2
2995.2,1678,0,16.67,6
2999.0,1679,0,16.67,3
3000.2,1680,0,16.67,5
3003.4,1682,0,16.67,1
3004.2,1685,0,16.67,4
3010.2,1689,0,16.67,2
3010.2,1699,1689,16.67,3
3012.2,1691,0,16.67,1
3012.2,1692,0,16.67,5
3012.4,1690,0,16.67,4
3013.0,1694,0,19.365336282639312,2
3014.4,1695,0,17.238728295862856,3
3014.6,1697,0,17.722253243307804,1
3014.8,1698,0,18.779598633568416,4
3022.8,1705,0,16.67,2
3022.8,1713,1705,16.67,3
3028.6,1709,0,16.67,6
3029.0,1710,0,16.67,2
3029.2,1711,0,16.67,3
3029.6,1712,0,16.67,4
3031.4,1718,0,17.59184529056017,2
3031.8,1714,0,16.67,5
3032.8,1719,0,25.42503911718248,3
3041.4,1722,0,16.67,3
3045.0,1724,0,16.67,2
3049.8,1726,0,16.67,6
3053.8,1727,0,16.67,1
3054.2,1729,0,16.67,3
3055.8,1739,1730,16.67,4
3055.8,1730,0,16.67,5
3057.0,1732,0,16.67,2
3058.6,1735,0,16.67,4
3058.8,1734,0,21.05942553644679,5
3059.4,1736,0,26.835665570206924,6
3064.8,1740,0,16.67,2
3070.8,1744,0,16.67,4
3077.2,1745,0,16.67,2
3078.8,1747,0,16.67,6
3085.0,1748,0,16.67,6
3090.8,1750,0,16.67,1
3091.8,1751,0,16.67,3
3092.4,1752,0,16.67,6
3093.2,1753,0,16.67,5
3102.0,1766,1755,16.67,3
3102.0,1755,0,16.67,4
3102.6,1757,0,16.67,1
3104.4,1758,0,16.67,3
3105.0,1759,0,17.643319571190005,1
3107.0,1761,0,17.58343511664825,1
3109.8,1765,0,16.67,5
3111.6,1767,0,16.67,4
3112.0,1769,0,17.3264036032806,5
3114.8,1771,0,16.67,2
3117.0,1774,0,16.67,3
3130.2,1778,0,16.67,4
3138.2,1779,0,16.67,6
3146.2,1780,0,16.67,3
3149.6,1781,0,16.67,6
3151.6,1783,0,16.67,2
3154.6,1784,0,16.67,4
3159.2,1788,1785,16.67,5
3159.2,1785,0,16.67,6
3165.6,1786,0,16.67,1
3165.8,1787,0,16.67,5
3173.8,1789,0,16.67,6
3176.0,1791,0,16.669626954247153,6
3182.6,1792,0,16.67,2
3185.6,1793,0,16.67,4
3191.4,1795,0,16.67,5
3196.4,1796,0,16.67,3
3200.2,1797,0,16.67,1
3204.2,1798,0,16.67,5
3204.4,1799,0,16.67,3
3206.8,1801,0,18.223056809205776,3
3207.0,1802,0,18.57246131478667,4
3213.0,1806,0,16.67,1
3215.2,1808,0,17.3235465284725,2
3219.4,1811,0,28.864025114421036,3
3223.0,1814,0,16.67,1
3223.6,1815,0,16.67,6
3226.4,1817,0,16.67,4
3226.4,1821,0,16.67,5
3227.8,1818,0,16.67,2
3232.6,1824,0,16.67,5
3234.8,1825,0,16.67,6
3235.0,1826,0,16.67,3
3237.0,1827,0,16.67,2
3239.4,1832,0,17.484295303224542,2
3241.8,1833,0,16.67,4
3250.6,1835,0,16.67,2
3257.8,1838,0,16.67,3
3258.2,1839,0,16.67,5
3258.4,1840,0,16.67,1
3260.4,1841,0,16.67,4
3261.0,1845,0,16.67,2
3270.4,1848,0,16.67,3
3277.4,1850,0,16.67,5
3277.4,1854,1850,16.67,6
3280.6,1851,0,16.67,6
3283.8,1852,0,16.67,5
3292.2,1856,0,16.67,2
3292.8,1857,0,16.67,6
3299.0,1866,1860,16.67,2
3299.0,1860,0,16.67,3
3301.2,1861,0,16.65552235576872,3
3305.2,1865,0,16.67,2
3307.4,1867,0,16.67,4
3317.6,1872,0,16.67,1
3323.4,1873,0,16.67,5
3326.2,1875,0,16.67,4
3336.8,1877,0,16.67,4
3344.4,1880,0,16.67,5
3351.2,1881,0,16.67,2
3352.8,1882,0,16.67,3
3364.4,1883,0,16.67,3
3369.2,1888,1884,16.67,2
3369.2,1884,0,30.140619190206635,3
3370.4,1886,0,16.67,1
3371.4,1887,0,16.67,2
3380.0,1890,0,16.67,3
3380.6,1891,0,16.67,6
3382.2,1892,0,16.577927501587432,4
3382.6,1896,0,18.327449989230008,3
3384.8,1897,0,17.517500205722612,3
3385.8,1902,0,24.82664372926853,2
3392.6,1906,0,16.67,1
3394.4,1909,0,16.67,5
3394.8,1908,0,16.66579269446661,1
3397.2,1911,0,16.67,2
3397.2,1919,1911,16.67,3
3399.2,1914,0,29.514441857314566,1
3399.4,1920,1914,16.92619957747032,2
3399.6,1916,0,16.67,3
3401.6,1918,0,29.560164657419406,2
3412.4,1926,0,16.67,4
3417.2,1928,0,16.67,2
3423.6,1929,0,16.67,3
3424.4,1930,0,16.67,6
3433.8,1931,0,16.67,3
3440.2,1933,0,16.67,6
3441.0,1934,0,16.67,2
3443.4,1935,0,16.67,1
3448.2,1937,0,16.67,2
3449.2,1938,0,16.67,5
3451.8,1941,0,16.67,2
3451.8,1939,0,16.67,6
3454.2,1942,0,18.67853625897078,2
3455.2,1943,0,24.470372520686837,1
3466.6,1949,0,16.67,1
3474.8,1952,0,16.67,1
3475.2,1963,1953,16.67,2
3475.2,1953,0,16.67,3
3477.2,1966,1954,16.67,4
3477.2,1954,0,16.67,5
3477.4,1955,0,16.67,2
3477.8,1958,0,18.57246131478667,3
3479.0,1957,0,16.67,6
3479.4,1961,0,16.67,4
3481.8,1964,0,20.187808901814044,6
3486.4,1965,0,16.67,5
3488.8,1969,0,16.67,3
3491.2,1971,0,16.67,2
3495.0,1976,0,16.67,4
3506.8,1978,0,16.67,6
3514.0,1979,0,16.67,4
3516.0,1980,0,16.67,2
3517.2,1984,0,16.67,3
3519.6,1985,0,16.67,6
3524.2,1988,0,16.67,5
3531.8,1989,0,16.67,4
3538.4,1990,0,16.67,3
3539.4,1991,0,16.67,1
3539.4,1994,1991,16.67,2
3540.6,1992,0,16.67,5
3546.6,1993,0,16.67,2
3549.4,1995,0,20.690702426138515,1
3555.0,1997,0,16.67,2
3574.8,2000,0,16.67,2
3583.0,2001,0,16.67,5
3585.2,2002,0,16.874168236940164,5
3587.4,2003,0,16.67,4
3592.6,2005,0,16.67,6
3593.2,2006,0,16.67,2
3599.8,2009,0,16.67,4
共产生真实车与虚拟车：2013
