随机发出真实车： 1039
11.8,1,0,16.67,3
12.0,2,0,16.67,5
14.2,3,0,17.823940000741608,2
21.6,5,0,16.67,3
28.2,8,0,16.67,4
37.6,9,0,16.67,5
39.8,11,0,16.67,4
42.8,14,0,16.67,2
50.2,15,0,16.67,4
53.2,17,0,16.67,1
54.4,20,0,16.67,3
55.6,21,0,16.67,2
60.4,24,0,16.67,6
65.4,25,0,16.67,2
72.8,26,0,16.67,4
78.8,27,0,16.67,2
79.2,28,0,16.67,6
81.4,29,0,16.67,1
82.0,32,0,19.908936845233065,6
82.2,35,32,16.67,5
83.0,30,0,16.67,3
89.6,34,0,16.67,5
93.6,36,0,16.67,4
94.8,38,0,16.67,3
95.2,39,0,16.67,1
95.4,40,0,16.67,2
97.4,42,0,16.76677924758708,1
103.2,45,0,16.67,3
105.6,46,0,16.67,2
108.2,48,0,16.67,1
112.6,50,0,16.67,5
112.6,55,50,16.67,6
115.2,52,0,16.67,5
115.2,54,0,16.67,6
115.6,53,0,21.022539188304243,4
125.8,58,0,16.67,4
128.2,59,0,16.67,1
128.2,60,0,16.67,2
128.2,63,0,18.028857917015756,4
129.4,61,0,16.67,6
131.6,65,0,16.67,3
140.0,68,0,16.67,1
145.6,69,0,16.67,5
148.0,78,71,16.67,4
148.0,71,0,17.80509972199644,5
150.2,72,0,16.67,1
152.6,74,0,18.093273244849044,2
155.0,76,0,16.67,4
159.0,80,0,16.67,2
161.0,82,0,16.67,1
165.0,98,86,16.67,5
165.0,86,0,16.67,6
165.4,87,0,16.67,4
167.2,89,0,16.883024811666242,6
168.2,92,0,16.67,3
169.4,93,0,17.491153854629594,6
170.8,94,0,18.666262795607313,3
171.0,102,94,16.67,2
171.0,97,0,27.92986232808891,5
173.6,99,0,16.67,2
180.8,104,0,16.67,6
183.8,106,0,16.67,5
185.6,107,0,16.67,1
186.4,108,0,19.136263204765648,5
199.0,111,0,16.67,4
203.6,112,0,16.67,1
206.0,113,0,16.67,2
206.0,117,113,16.67,3
208.6,115,0,16.67,3
209.0,116,0,21.14483962952121,2
210.6,114,0,16.67,6
222.4,124,119,16.67,5
222.4,119,0,16.67,6
223.0,120,0,16.67,3
223.0,125,120,16.67,4
225.0,122,0,18.57246131478667,5
225.4,121,0,16.67,4
229.2,123,0,29.063245341300753,6
232.0,126,0,16.67,2
236.8,129,0,16.67,5
250.2,132,0,16.67,6
258.2,133,0,16.67,2
272.2,134,0,16.67,3
277.6,135,0,16.67,5
279.8,136,0,16.67,4
280.8,137,0,16.67,2
283.4,139,0,16.67,3
289.4,148,143,16.67,5
289.4,143,0,16.67,6
296.8,146,0,16.67,4
297.4,147,0,16.67,5
299.2,149,0,16.67,1
299.8,150,0,16.67,2
303.6,151,0,16.67,5
309.8,154,0,16.67,6
312.8,164,158,21.419940549432937,5
312.8,158,0,21.419940549432937,6
313.2,157,0,16.67,3
314.4,160,0,28.943631677834567,4
314.4,162,0,29.281710974039733,5
318.0,163,0,16.67,1
321.4,168,0,16.67,6
327.2,171,0,16.67,3
327.4,172,0,16.67,5
327.8,173,0,16.67,4
330.0,175,0,16.669626954247153,4
331.6,176,0,16.67,1
334.2,178,0,16.67,6
336.4,179,0,16.67,5
340.2,182,0,16.67,1
344.8,185,0,16.67,6
345.0,186,0,16.67,4
346.4,188,0,16.67,1
348.4,190,0,16.67,2
354.4,193,0,16.67,1
356.6,198,195,16.66579269446661,1
356.6,195,0,16.67,2
358.0,197,0,26.57686805594004,1
358.0,196,0,16.67,5
373.0,202,0,16.67,2
373.4,203,0,16.67,4
375.8,204,0,16.67,5
375.8,209,204,16.67,6
381.2,205,0,16.67,2
381.2,215,205,16.67,3
382.2,206,0,16.67,1
383.0,207,0,16.67,6
383.4,208,0,16.67,5
389.0,211,0,16.67,1
389.4,212,0,16.67,3
391.0,216,0,16.67,2
392.2,218,0,16.67,4
393.4,219,0,16.67,5
395.8,221,0,16.67,6
411.2,224,0,16.67,4
411.8,225,0,16.67,3
413.4,226,0,16.67,1
419.0,227,0,16.67,4
431.6,229,0,16.67,4
432.6,231,0,16.67,3
435.8,232,0,16.67,6
437.6,233,0,16.67,1
440.8,238,234,16.67,2
440.8,234,0,16.67,3
441.2,235,0,16.67,4
443.8,237,0,21.57083758757232,2
445.8,236,0,16.67,5
450.4,239,0,16.67,3
453.0,243,0,18.327449989230008,3
453.4,241,0,16.67,6
456.6,245,0,16.67,5
459.6,246,0,16.67,6
462.2,248,0,16.67,1
468.6,252,0,16.67,1
479.4,254,0,16.67,5
487.6,255,0,16.67,6
488.6,256,0,16.67,5
490.2,258,0,18.327449989230008,6
493.6,259,0,16.67,1
498.0,260,0,16.67,3
501.0,261,0,16.67,4
509.0,263,0,16.67,6
511.0,264,0,16.67,4
511.0,269,264,16.67,5
512.6,266,0,16.67,3
518.4,268,0,16.67,5
532.6,270,0,16.67,3
534.4,271,0,16.67,2
537.0,280,272,16.67,1
537.0,272,0,19.20712454615534,2
539.4,274,0,16.67,1
540.2,273,0,16.67,5
542.4,275,0,16.67,3
542.8,276,0,16.67,4
550.0,282,0,16.67,2
556.0,285,0,16.67,2
557.8,286,0,16.67,4
562.8,290,0,16.67,1
566.2,291,0,16.67,3
566.8,292,0,16.67,2
572.2,295,0,16.67,3
584.4,298,0,16.67,2
585.4,299,0,16.67,5
589.4,300,0,16.67,1
595.8,301,0,16.67,4
600.0,302,0,16.67,6
602.6,303,0,16.67,1
610.0,304,0,16.67,3
612.4,305,0,16.67,1
616.4,307,0,16.67,4
617.4,308,0,16.67,5
623.6,309,0,16.67,5
623.6,313,309,16.67,6
626.4,310,0,19.537501339554616,5
630.0,312,0,16.67,6
637.0,315,0,16.67,1
637.0,318,315,16.67,2
639.6,317,0,16.67,2
645.4,319,0,16.67,6
647.6,320,0,16.67,4
648.2,322,0,16.67,5
650.4,324,0,16.67,3
659.2,325,0,16.67,3
660.6,326,0,16.67,5
669.8,330,0,16.67,6
672.0,331,0,16.96068499460181,6
681.4,332,0,16.67,6
684.6,336,0,16.67,4
688.2,337,0,16.67,6
689.6,338,0,16.67,2
694.8,340,0,16.67,5
694.8,347,340,16.67,6
695.8,341,0,16.67,1
697.6,343,0,16.67,6
698.0,342,0,16.669626954247153,1
698.6,344,0,16.67,5
699.2,345,0,24.22232876740493,2
704.6,349,0,16.67,4
709.4,353,0,16.67,6
712.2,357,0,16.67,5
713.0,356,0,16.67,2
716.0,359,0,16.67,3
719.4,360,0,23.309347389373393,4
720.0,362,0,16.67,6
722.8,371,364,16.67,2
722.8,364,0,16.67,3
725.0,366,0,16.65339003782954,3
726.0,368,0,16.67,2
730.4,373,0,16.67,4
738.0,377,0,16.67,4
744.2,379,0,16.67,5
757.6,381,0,16.67,2
759.6,382,0,16.67,1
767.0,383,0,16.67,4
778.8,389,384,16.67,5
778.8,384,0,16.67,6
781.6,387,0,20.187808901814044,6
783.8,385,0,16.67,3
785.0,388,0,16.67,5
786.4,390,0,18.317489034008254,3
786.6,396,390,16.67,4
788.2,393,0,31.256952671784276,4
790.0,392,0,16.67,1
791.8,394,0,16.67,2
797.4,399,0,16.67,4
798.4,400,0,16.67,5
800.6,403,0,17.119073727330395,5
800.6,407,403,16.67,6
802.8,404,0,16.67,6
805.6,406,0,16.67,3
808.2,408,0,16.67,5
815.8,411,0,16.67,2
820.2,414,0,16.67,4
820.6,415,0,16.67,1
825.8,416,0,16.67,5
826.4,417,0,16.67,3
827.0,418,0,16.67,6
828.6,419,0,19.48069813535418,5
830.2,420,0,21.846752414428764,6
833.0,421,0,16.67,2
834.6,423,0,16.67,3
842.6,427,0,16.67,1
845.0,431,0,18.05401403282312,1
845.0,429,0,16.67,4
845.6,432,0,21.37347646369937,2
846.8,430,0,16.67,6
847.2,435,0,18.46123124187963,1
848.4,436,0,16.67,5
849.6,438,0,19.178054237041472,1
865.2,442,0,16.67,3
868.6,447,443,16.67,1
868.6,443,0,16.67,2
870.6,444,0,16.67,6
874.2,445,0,16.67,4
875.4,446,0,16.67,1
878.4,448,0,16.67,6
881.0,449,0,16.67,4
881.2,450,0,16.67,3
887.2,454,0,16.67,1
899.4,456,0,16.67,6
901.2,457,0,16.67,5
907.0,458,0,16.67,6
914.6,459,0,16.67,4
915.4,460,0,16.67,5
917.2,464,0,18.309410764403864,4
917.6,462,0,16.971030178135386,5
918.0,465,0,16.67,3
919.2,469,0,18.33105629618276,4
919.6,463,0,16.774682512471838,5
924.4,471,0,16.67,1
929.6,475,0,16.67,5
930.6,478,0,16.67,1
935.8,479,0,16.67,6
940.0,481,0,16.67,5
941.4,482,0,16.67,4
942.0,484,0,16.67,2
942.2,485,0,16.67,1
942.6,486,0,19.29475463427405,5
944.4,488,0,20.958313156284724,4
956.8,493,0,16.67,3
963.4,494,0,16.67,1
964.4,495,0,16.67,6
972.8,496,0,16.67,3
977.2,498,0,28.478824435086295,4
978.2,499,0,16.67,1
979.6,511,502,29.061280448721007,4
980.2,502,0,16.67,3
980.2,500,0,16.67,6
980.8,501,0,16.67,2
982.8,505,0,20.237745070550332,3
983.0,508,0,16.67,4
984.0,504,0,16.67,5
997.4,515,0,16.67,4
998.0,517,0,16.67,3
1001.8,519,0,16.67,2
1002.8,518,0,16.67,5
1002.8,525,518,16.67,6
1004.8,527,521,29.03792553356167,4
1005.6,521,0,30.526170942468564,3
1005.8,522,0,16.67,6
1006.6,523,0,16.67,5
1009.4,526,0,16.67,4
1013.2,529,0,16.67,6
1020.2,532,0,16.67,2
1021.8,533,0,16.67,5
1026.0,535,0,27.858367745586587,5
1026.6,542,535,16.67,6
1027.8,536,0,16.67,4
1028.8,538,0,16.67,6
1030.4,540,0,16.67,3
1035.0,543,0,16.67,2
1042.4,546,0,16.67,1
1046.6,547,0,16.67,3
1060.4,549,0,16.67,3
1060.8,550,0,16.67,6
1070.0,551,0,16.67,4
1071.8,552,0,16.67,5
1083.8,557,553,16.67,2
1083.8,553,0,16.67,3
1086.2,554,0,16.67,1
1086.2,555,0,16.67,2
1094.0,558,0,16.67,5
1096.4,559,0,16.67,6
1099.8,561,0,16.67,3
1105.2,562,0,16.67,2
1107.6,563,0,16.67,1
1108.4,565,0,16.67,4
1117.8,566,0,16.67,4
1119.0,568,0,16.67,2
1123.0,570,0,16.67,1
1126.8,572,0,16.67,5
1128.0,573,0,16.67,2
1128.8,574,0,16.67,6
1137.0,576,0,16.67,6
1137.6,590,577,16.67,2
1137.6,577,0,16.67,3
1138.4,579,0,16.67,5
1139.8,580,0,16.56439021705612,4
1140.0,583,0,16.67,2
1140.0,582,0,17.71114105563194,3
1142.6,585,0,16.67,1
1144.8,588,0,16.69085333611801,1
1144.8,589,0,16.67,5
1154.0,597,0,16.67,1
1155.4,598,0,16.67,3
1162.2,600,0,16.67,4
1169.2,601,0,16.67,3
1170.2,603,0,16.67,5
1173.2,604,0,27.89340388659467,2
1180.0,605,0,16.67,3
1181.4,606,0,16.67,6
1182.8,608,0,16.67,2
1190.8,611,0,16.67,2
1197.2,614,0,16.67,4
1203.6,616,0,16.67,1
1204.6,618,0,16.67,6
1207.2,619,0,16.67,2
1211.4,621,0,16.67,5
1213.2,622,0,16.67,4
1215.0,624,0,26.29603177015804,5
1215.0,628,624,26.29603177015804,6
1217.4,625,0,18.353861826376544,5
1218.8,630,0,30.48007900588718,6
1221.8,627,0,16.67,2
1228.6,635,0,16.67,2
1238.2,639,0,16.67,3
1249.0,640,0,16.67,2
1249.2,641,0,16.67,4
1251.6,643,0,18.328765831524674,2
1251.6,648,643,16.67,3
1254.2,647,0,16.67,3
1254.6,645,0,16.67,6
1261.4,649,0,16.67,5
1264.0,651,0,16.67,2
1264.0,654,651,16.67,3
1266.6,653,0,16.67,3
1272.6,655,0,16.67,2
1273.8,656,0,16.67,1
1282.2,659,0,16.67,4
1284.4,660,0,16.67,3
1286.4,662,0,16.67,6
1291.2,663,0,16.67,5
1293.4,665,0,16.67,4
1293.8,679,666,16.67,2
1293.8,666,0,16.67,3
1295.6,668,0,17.822639893442698,4
1296.0,669,0,16.67,2
1297.0,673,0,22.205788243420713,3
1306.6,683,0,16.67,1
1311.2,685,0,16.67,3
1317.4,688,0,16.67,6
1320.0,693,689,16.67,5
1320.0,689,0,18.506865228243356,6
1324.8,690,0,16.67,3
1326.0,692,0,16.67,5
1337.2,696,0,16.67,5
1339.0,698,0,16.67,2
1339.2,699,0,16.67,4
1339.4,697,0,16.67,6
1341.8,701,0,18.816427529432,6
1354.6,704,0,16.67,3
1355.6,705,0,16.67,5
1356.6,707,0,16.67,4
1359.0,708,0,16.67,2
1369.4,709,0,16.67,1
1369.4,717,709,16.67,2
1371.4,710,0,16.67,5
1372.6,713,0,21.99709618955073,1
1373.0,719,713,26.835665570206924,2
1377.0,715,0,16.67,3
1379.6,718,0,16.67,2
1382.0,721,0,16.67,5
1389.2,724,0,16.67,2
1390.8,727,0,16.67,5
1397.8,729,0,16.67,4
1402.4,730,0,16.67,5
1406.4,733,0,16.67,6
1407.2,734,0,16.67,1
1409.0,735,0,18.8241763712785,6
1418.2,736,0,16.67,1
1419.2,742,737,16.67,4
1419.2,737,0,16.67,5
1424.8,740,0,16.67,2
1426.2,741,0,16.67,5
1428.4,748,743,16.67,4
1428.4,743,0,16.664843910796424,5
1429.4,744,0,16.67,3
1434.6,746,0,16.67,4
1437.0,749,0,16.67,1
1444.8,753,0,16.67,6
1446.6,754,0,16.67,2
1447.4,755,0,16.67,5
1450.4,757,0,16.67,1
1456.6,759,0,16.67,5
1458.6,760,0,16.67,6
1461.2,763,0,16.67,3
1462.2,765,0,16.67,1
1464.0,767,0,16.67,4
1464.2,768,0,16.67,2
1469.8,770,0,16.67,5
1471.0,771,0,16.67,3
1486.6,775,0,16.67,3
1487.6,776,0,16.67,6
1496.4,778,0,16.67,2
1506.2,779,0,16.67,1
1507.4,780,0,16.67,5
1520.0,781,0,16.67,6
1520.8,782,0,16.67,1
1522.8,785,0,16.67,5
1528.0,793,787,16.67,2
1528.0,787,0,16.67,3
1529.8,788,0,16.67,5
1529.8,797,788,16.67,6
1530.2,789,0,16.649653590798497,3
1533.2,791,0,23.254691810956444,2
1536.4,794,0,16.67,6
1537.6,795,0,16.67,3
1547.0,810,801,16.67,1
1547.0,801,0,16.67,2
1549.0,803,0,16.67,4
1550.2,804,0,23.905594976768253,2
1551.0,811,804,27.68891517153641,3
1553.4,807,0,16.67,1
1553.4,809,0,16.67,3
1566.0,815,0,16.67,1
1566.4,819,816,16.67,2
1566.4,816,0,16.67,3
1568.6,817,0,16.67,2
1579.8,820,0,16.67,6
1586.0,821,0,16.67,3
1589.6,822,0,16.67,6
1591.8,824,0,16.66579269446661,6
1592.4,830,825,16.67,1
1592.4,825,0,16.67,2
1594.8,826,0,16.67,1
1595.2,827,0,19.799551855338706,2
1597.2,828,0,16.67,4
1601.6,831,0,16.67,1
1607.6,834,0,16.67,4
1608.4,836,0,16.67,6
1614.8,838,0,16.67,1
1621.6,840,0,16.67,6
1623.2,841,0,16.67,1
1624.0,844,0,16.67,5
1624.2,843,0,16.67,2
1625.4,847,0,17.3264036032806,1
1627.8,848,0,18.358890279737935,1
1632.2,849,0,16.67,6
1633.8,850,0,16.67,4
1635.6,853,0,16.67,3
1639.4,858,0,16.67,2
1654.6,860,0,16.67,6
1661.8,861,0,16.67,5
1665.8,867,862,16.67,2
1665.8,862,0,16.67,3
1666.0,863,0,16.67,4
1668.4,864,0,16.67,1
1668.4,866,0,16.67,2
1676.8,868,0,16.67,2
1678.4,869,0,16.67,4
1678.4,877,869,16.67,5
1679.2,870,0,16.67,3
1679.6,871,0,19.71959536481981,2
1683.2,874,0,16.67,1
1685.8,885,875,16.67,5
1685.8,875,0,16.67,6
1686.4,879,0,16.67,3
1688.0,880,0,16.67,5
1688.8,882,0,21.195707045960873,6
1695.2,886,0,16.67,2
1701.0,889,0,16.67,5
1712.8,890,0,16.67,5
1717.0,892,0,16.67,3
1718.8,893,0,16.67,2
1720.8,894,0,16.67,5
1720.8,897,894,16.67,6
1723.2,895,0,16.67,6
1725.0,901,896,16.67,3
1725.0,896,0,16.67,4
1731.0,899,0,16.67,4
1731.2,900,0,16.67,6
1733.2,902,0,16.67,3
1734.2,904,0,22.038213193500347,6
1734.8,917,904,16.67,5
1735.4,905,0,16.67,1
1736.0,909,0,20.352771714740204,3
1737.4,912,0,16.67,5
1738.4,914,0,30.99083205701129,3
1745.6,919,0,16.67,2
1748.4,925,0,16.67,6
1752.4,927,0,16.67,5
1753.2,928,0,16.67,1
1753.2,942,928,16.67,2
1754.4,930,0,16.67,4
1755.4,931,0,16.67,2
1755.6,933,0,21.746617368277843,5
1757.0,934,0,16.67,6
1757.8,937,0,19.718309690395166,5
1760.0,944,0,20.119900383953798,5
1761.2,945,0,26.998714316261736,4
1761.4,940,0,16.67,3
1773.2,955,0,16.67,1
1778.4,956,0,16.67,4
1787.6,957,0,16.67,6
1789.2,958,0,16.67,5
1791.2,960,0,16.67,3
1792.6,963,0,16.67,1
1795.0,972,965,17.38510939578339,1
1795.0,965,0,27.128587173557232,2
1797.6,975,966,28.930799976552162,2
1797.8,966,0,27.037120600357255,3
1799.8,978,969,16.67,2
1800.0,969,0,16.67,1
1800.4,971,0,29.52513727438749,3
1800.4,967,0,16.67,5
1802.0,970,0,16.817048753623503,1
1807.8,976,0,16.67,2
1809.0,979,0,16.67,4
1809.8,980,0,16.67,5
1821.0,986,0,16.67,5
1822.6,988,0,16.67,1
1826.2,989,0,16.67,6
1830.6,990,0,28.936276868868983,5
1835.0,992,0,16.67,4
1837.4,994,0,16.67,6
1841.8,996,0,16.67,4
1843.8,998,0,16.67,6
1844.2,1010,1001,16.67,1
1844.2,1001,0,16.67,2
1845.0,1004,0,16.67,5
1845.8,1002,0,16.662476842258435,6
1846.4,1005,0,16.67,1
1848.2,1009,0,18.30183757822595,6
1869.6,1013,0,16.67,4
1870.6,1014,0,16.67,5
1872.8,1015,0,16.623635399430512,6
1873.0,1016,0,16.67,5
1874.8,1017,0,16.64362832542907,6
1879.2,1018,0,16.67,2
1883.8,1020,0,16.67,6
1884.8,1021,0,16.67,4
1889.0,1026,0,16.67,2
1891.2,1028,0,16.612895559535005,2
1894.0,1031,0,16.67,4
1896.2,1032,0,16.67,3
1897.2,1033,0,16.67,1
1907.8,1041,0,16.67,4
1907.8,1044,1041,16.67,5
1912.6,1042,0,16.67,2
1915.0,1043,0,16.67,5
1919.4,1045,0,16.67,6
1922.2,1046,0,16.67,2
1923.8,1050,0,16.67,1
1923.8,1049,0,16.67,3
1924.0,1051,0,32.825670098798724,6
1924.4,1048,0,16.662946343456053,2
1926.0,1054,0,31.10188592739433,6
1926.8,1056,0,25.49554030660174,5
1927.2,1053,0,23.36702107853042,4
1929.6,1060,0,28.1008345877273,5
1934.0,1061,0,16.67,3
1935.4,1062,0,16.67,1
1936.4,1064,0,18.204998990853987,4
1936.8,1069,0,19.31235676766648,3
1936.8,1065,0,20.382685031025524,5
1946.4,1074,0,16.67,4
1948.8,1078,1076,16.67,2
1948.8,1076,0,16.67,3
1957.0,1077,0,16.67,2
1959.6,1079,0,16.67,5
1961.6,1080,0,16.67,4
1971.4,1087,0,16.67,5
1974.8,1090,0,16.67,4
1976.0,1092,0,16.67,2
1977.6,1093,0,16.67,6
1978.2,1095,0,16.67,3
1980.4,1096,0,16.67,1
1986.6,1098,0,16.67,2
1986.6,1106,1098,16.67,3
1987.2,1107,1099,16.67,4
1987.2,1099,0,16.67,5
1989.6,1104,0,16.67,3
1993.4,1105,0,16.67,4
1995.8,1108,0,16.67,2
1998.6,1109,0,16.67,1
2001.0,1112,0,16.67,6
2003.8,1113,0,16.67,4
2006.4,1115,0,19.227572360766686,3
2006.4,1116,0,18.792511281193352,4
2015.0,1120,0,16.67,1
2020.4,1122,0,16.67,2
2029.8,1124,0,16.67,6
2032.6,1125,0,16.67,5
2039.4,1127,0,16.67,2
2041.8,1128,0,16.67,1
2043.6,1129,0,16.67,3
2048.6,1130,0,16.67,6
2054.2,1131,0,16.67,1
2056.8,1132,0,16.67,2
2064.2,1134,0,16.67,6
2066.4,1135,0,16.612895559535005,5
2071.8,1137,0,16.67,6
2072.0,1138,0,16.67,3
2072.0,1142,1138,16.67,4
2079.0,1141,0,16.67,4
2082.4,1143,0,16.67,5
2089.4,1145,0,16.67,1
2089.6,1146,0,16.67,5
2091.2,1147,0,16.67,2
2092.0,1149,0,18.327449989230008,1
2094.8,1150,0,16.67,4
2097.4,1152,0,16.67,6
2097.8,1154,0,16.67,3
2100.8,1156,0,16.67,2
2117.0,1160,0,16.67,1
2117.8,1162,0,16.67,6
2119.0,1163,0,16.67,2
2127.0,1165,0,16.67,3
2131.0,1166,0,16.67,6
2133.6,1168,0,16.67,5
2138.2,1170,0,16.67,1
2139.4,1171,0,16.67,3
2140.6,1173,0,18.118668791105243,1
2140.8,1180,1173,19.20712454615534,2
2142.6,1177,0,28.916122745851006,2
2143.2,1174,0,16.67,4
2144.0,1176,0,16.67,5
2145.6,1178,0,17.38510939578339,4
2153.8,1182,0,16.67,2
2156.8,1185,0,16.67,3
2166.0,1199,1187,16.67,4
2166.0,1187,0,16.67,5
2166.4,1188,0,16.67,1
2166.4,1198,1188,16.67,2
2168.6,1190,0,18.490807106702633,5
2169.2,1192,0,16.67,3
2169.2,1195,0,16.67,4
2169.6,1196,0,16.67,2
2172.6,1197,0,16.67,1
2177.6,1201,0,16.67,6
2179.6,1202,0,16.67,5
2182.0,1209,0,16.67,4
2185.6,1210,0,16.67,1
2187.8,1212,0,16.67,6
2192.4,1215,0,28.936276868868983,4
2194.0,1216,0,16.67,6
2197.6,1220,0,30.437878675897213,4
2198.4,1222,0,29.343825046884053,5
2200.0,1223,0,16.67,6
2202.2,1224,0,16.66579269446661,6
2204.0,1228,0,16.67,1
2208.6,1231,0,16.67,4
2212.4,1236,0,16.67,2
2214.8,1244,1237,16.67,1
2214.8,1237,0,18.187411711971002,2
2218.2,1240,0,16.67,5
2218.2,1247,1240,16.67,6
2220.8,1242,0,16.67,6
2223.4,1243,0,16.67,1
2225.4,1246,0,16.67,3
2233.0,1249,0,16.67,6
2233.4,1250,0,16.67,2
2233.6,1251,0,16.67,4
2235.6,1253,0,16.67,5
2237.8,1255,0,17.43390216418829,5
2251.4,1258,0,16.67,5
2251.4,1264,1258,16.67,6
2252.4,1259,0,16.67,3
2253.6,1260,0,17.3264036032806,5
2255.8,1261,0,17.20357345462252,6
2256.2,1263,0,19.25332063878171,5
2257.8,1262,0,17.093398198931386,6
2267.4,1268,0,16.67,1
2268.2,1270,0,16.67,6
2271.2,1272,0,16.67,4
2273.2,1275,0,16.67,3
2275.2,1277,0,16.67,5
2287.2,1279,0,16.67,6
2290.0,1280,0,16.67,4
2292.8,1281,0,32.57087052412469,5
2299.2,1282,0,16.67,4
2300.0,1284,0,16.67,5
2300.0,1290,1284,16.67,6
2302.6,1287,0,24.861591853474117,4
2302.8,1286,0,16.67,2
2303.2,1288,0,16.67,6
2305.4,1291,0,24.989472833676906,2
2307.2,1292,0,31.682978243211938,3
2315.6,1296,0,16.67,4
2323.8,1301,0,16.67,5
2325.8,1302,0,16.67,6
2333.4,1304,0,16.67,4
2335.0,1305,0,16.67,5
2336.2,1307,0,16.67,1
2338.2,1309,0,16.67,6
2340.6,1312,0,17.796304933193326,6
2346.6,1314,0,16.67,4
2352.8,1316,0,16.67,2
2352.8,1321,1316,16.67,3
2355.8,1318,0,16.67,1
2356.2,1319,0,16.67,3
2359.2,1329,1320,16.67,5
2359.2,1320,0,16.67,6
2361.4,1322,0,16.89227277519273,6
2363.0,1326,0,27.485107714775538,5
2363.4,1323,0,16.934456349633216,6
2365.4,1328,0,27.197167124922387,5
2370.6,1330,0,16.67,4
2378.8,1337,0,16.67,3
2379.8,1338,0,16.67,5
2380.2,1339,0,16.67,2
2387.0,1340,0,16.67,4
2389.6,1351,1341,18.497916310755613,4
2389.6,1341,0,16.67,5
2392.2,1344,0,16.67,4
2392.6,1343,0,16.67,1
2394.4,1348,0,16.67,3
2395.2,1345,0,16.67,2
2402.6,1352,0,16.67,2
2404.0,1354,0,16.67,6
2410.0,1356,0,16.67,1
2410.4,1357,0,16.67,5
2412.2,1359,0,16.67,3
2412.4,1360,0,18.098836848690187,1
2413.2,1361,0,22.616632716702444,2
2419.2,1366,0,16.67,5
2423.0,1371,0,16.67,4
2424.6,1372,0,16.67,3
2425.4,1373,0,16.67,1
2425.4,1379,1373,16.67,2
2427.8,1376,0,16.67,2
2428.0,1375,0,16.67,6
2430.6,1384,1378,16.67,4
2430.6,1378,0,16.67,5
2433.8,1383,0,16.67,4
2435.0,1381,0,16.67,1
2441.6,1386,0,16.67,2
2451.4,1395,1388,16.67,1
2451.4,1388,0,16.67,2
2452.2,1389,0,16.67,6
2453.6,1390,0,16.67,1
2456.6,1394,0,16.67,3
2460.6,1396,0,16.67,1
2462.6,1397,0,16.67,2
2466.4,1401,0,16.67,5
2467.4,1402,0,16.67,3
2467.8,1406,0,16.67,1
2468.8,1407,0,18.05401403282312,5
2469.4,1408,0,20.577607437637553,6
2481.4,1413,0,16.67,2
2482.2,1414,0,16.67,6
2483.4,1415,0,16.67,1
2485.4,1418,0,16.67,5
2489.6,1421,0,16.67,2
2490.4,1422,0,16.67,3
2493.0,1425,0,16.67,4
2493.6,1424,0,16.67,1
2502.4,1431,0,16.67,2
2512.4,1433,0,16.67,4
2512.8,1434,0,16.67,6
2515.4,1435,0,16.67,1
2515.8,1436,0,16.67,3
2530.0,1437,0,16.67,3
2530.2,1438,0,16.67,5
2532.8,1440,0,19.498823662719694,3
2533.2,1441,0,16.67,6
2536.4,1443,0,16.67,2
2540.2,1446,0,16.67,5
2542.2,1447,0,16.67,4
2547.2,1450,0,16.67,3
2548.0,1453,0,16.67,5
2549.8,1455,0,16.67,4
2551.0,1456,0,16.67,2
2551.8,1459,0,21.90170428476238,4
2556.6,1462,0,16.67,5
2557.8,1465,0,16.67,1
2559.6,1466,0,16.67,2
2560.2,1470,0,16.67,6
2573.4,1474,0,16.67,2
2575.6,1475,0,16.67,5
2575.6,1479,1475,16.67,6
2577.4,1476,0,16.67,1
2578.2,1478,0,16.67,6
2586.4,1480,0,16.67,1
2594.4,1483,0,16.67,2
2596.2,1484,0,16.67,5
2600.8,1485,0,16.67,1
2605.4,1487,0,16.67,5
2608.0,1488,0,16.67,4
2613.0,1492,0,31.399398220474062,4
2613.2,1496,1492,16.67,3
2620.8,1494,0,16.67,1
2621.2,1495,0,16.67,4
2623.2,1504,1498,16.67,3
2623.2,1498,0,16.41171429635579,4
2629.8,1502,0,16.67,4
2630.6,1503,0,16.67,3
2643.4,1508,0,16.67,4
2643.4,1516,1508,16.67,5
2645.8,1509,0,17.35721267349404,4
2646.8,1510,0,16.67,5
2646.8,1511,0,16.67,6
2649.0,1514,0,17.18681013166633,6
2650.0,1515,0,29.230347281477044,2
2652.2,1517,0,16.67,4
2654.4,1519,0,16.67,3
2658.8,1523,0,16.67,6
2660.6,1524,0,16.67,4
2662.8,1526,0,17.167649680269445,4
2663.0,1528,0,17.503348283323966,5
2665.2,1529,0,16.67,2
2673.2,1534,0,16.67,5
2675.0,1537,0,16.67,4
2675.4,1536,0,16.65552235576872,5
2677.6,1541,0,18.327449989230008,4
2678.8,1545,0,27.485875173102382,3
2681.2,1542,0,16.67,6
2700.0,1550,0,16.67,5
2703.6,1551,0,16.67,1
2704.0,1552,0,16.67,4
2706.0,1553,0,16.67,6
2709.0,1555,0,16.67,3
2710.6,1556,0,16.67,2
2718.2,1557,0,16.67,6
2721.0,1558,0,16.67,4
2722.0,1564,1559,16.67,2
2722.0,1559,0,16.67,3
2724.4,1562,0,16.67,2
2728.4,1563,0,16.67,3
2731.4,1570,1565,16.67,5
2731.4,1565,0,16.67,6
2738.4,1567,0,16.67,5
2738.6,1568,0,16.67,6
2739.2,1569,0,16.67,4
2741.8,1571,0,16.67,2
2744.2,1574,0,17.86534575140809,2
2754.2,1577,0,16.67,1
2754.6,1578,0,16.67,2
2757.0,1581,0,16.67,3
2759.6,1583,0,16.67,4
2760.6,1586,0,16.67,6
2762.8,1587,0,16.67,5
2766.2,1588,0,16.67,2
2781.0,1591,0,16.67,4
2788.0,1592,0,16.67,6
2791.6,1593,0,16.67,2
2793.2,1594,0,16.67,3
2796.6,1595,0,16.67,6
2801.2,1597,0,28.9363046753301,5
2802.6,1598,0,16.67,6
2810.4,1601,0,16.67,4
2811.6,1602,0,16.67,3
2814.0,1603,0,16.67,5
2830.0,1606,0,16.67,4
2830.2,1607,0,16.67,1
2831.4,1608,0,16.67,6
2832.6,1612,1609,16.67,2
2832.6,1609,0,16.67,3
2839.2,1611,0,16.67,2
2850.8,1613,0,16.67,3
2851.6,1614,0,16.67,1
2861.8,1615,0,16.67,4
2863.6,1617,0,16.67,2
2863.8,1616,0,16.67,6
2864.0,1619,0,16.67,5
2869.0,1621,0,16.67,3
2877.0,1622,0,16.67,2
2879.0,1624,0,16.67,1
2879.6,1625,0,16.67,4
2892.8,1626,0,16.67,6
2896.2,1627,0,16.67,1
2908.2,1628,0,16.67,4
2911.6,1629,0,16.67,1
2920.6,1631,0,16.67,5
2920.6,1638,1631,16.67,6
2921.2,1632,0,16.67,2
2923.0,1633,0,16.67,6
2924.2,1635,0,16.67,3
2924.2,1636,0,26.49862901629367,5
2944.4,1641,0,16.67,1
2946.4,1642,0,16.67,6
2951.4,1643,0,16.67,4
2956.0,1644,0,16.67,6
2961.6,1646,0,16.67,3
2972.2,1647,0,16.67,6
2980.8,1649,0,16.67,3
2986.2,1650,0,16.67,4
2991.8,1651,0,16.67,1
2993.0,1653,0,16.67,5
2994.0,1652,0,16.659493553398573,1
2995.2,1656,0,16.67,6
2999.0,1657,0,16.67,3
3000.2,1665,1658,16.67,4
3000.2,1658,0,16.67,5
3003.2,1662,0,16.67,4
3003.4,1661,0,16.67,1
3010.2,1666,0,16.67,3
3010.2,1685,1666,16.67,4
3012.0,1686,1669,16.67,1
3012.0,1669,0,16.67,2
3012.0,1670,0,16.67,5
3012.4,1668,0,16.67,4
3013.0,1678,0,20.3527659949397,3
3014.2,1673,0,16.612895559535005,2
3014.4,1679,0,16.67,1
3014.8,1683,0,18.3161747275585,4
3022.8,1688,0,16.67,2
3022.8,1695,1688,16.67,3
3028.6,1691,0,16.67,6
3029.0,1702,1692,16.67,2
3029.0,1692,0,16.67,3
3029.2,1693,0,16.67,4
3029.6,1694,0,16.67,5
3031.4,1697,0,16.67,2
3031.8,1700,0,20.56353801483212,3
3031.8,1696,0,16.66579269446661,5
3041.4,1704,0,16.67,1
3041.4,1709,1704,16.67,2
3044.8,1708,0,16.67,2
3049.8,1710,0,16.67,6
3053.8,1711,0,16.67,1
3054.2,1712,0,16.67,3
3055.8,1713,0,16.67,4
3056.8,1715,0,16.67,2
3058.4,1719,0,18.556965875108034,4
3060.8,1718,0,16.67,5
3061.2,1720,0,16.67,6
3064.8,1722,0,16.67,2
3070.8,1725,0,16.67,4
3077.2,1728,0,16.67,2
3078.8,1730,0,16.67,5
3078.8,1732,1730,16.67,6
3085.0,1731,0,16.67,6
3090.8,1733,0,16.67,1
3091.8,1734,0,16.67,3
3092.4,1735,0,16.67,6
3093.2,1736,0,16.67,5
3102.0,1740,0,16.67,3
3102.6,1742,0,16.67,2
3104.8,1743,0,16.662946343456053,2
3106.8,1747,0,16.535281142803818,1
3106.8,1746,0,16.64578020591815,2
3109.8,1751,0,16.67,5
3111.6,1752,0,16.67,4
3112.0,1753,0,17.3264036032806,5
3114.6,1755,0,20.843523350105606,4
3114.8,1759,1755,16.67,3
3116.4,1756,0,29.85188245925451,3
3130.2,1762,0,16.67,4
3138.2,1763,0,16.67,6
3146.2,1764,0,16.67,3
3149.6,1765,0,16.67,6
3151.6,1766,0,16.67,2
3154.6,1768,0,16.67,4
3159.2,1772,1769,16.67,5
3159.2,1769,0,16.67,6
3165.6,1770,0,16.67,1
3165.8,1771,0,16.67,5
3173.8,1773,0,16.67,5
3176.0,1775,0,16.67,6
3182.6,1778,0,16.67,2
3185.6,1779,0,16.67,4
3191.4,1780,0,16.67,5
3196.4,1781,0,16.67,3
3200.2,1782,0,16.67,1
3204.2,1783,0,16.67,5
3204.4,1784,0,16.67,3
3207.0,1786,0,18.317475810860987,3
3207.0,1787,0,18.57246131478667,4
3213.0,1790,0,16.67,1
3215.2,1793,0,16.67,2
3219.6,1796,0,16.67,3
3223.0,1798,0,16.67,1
3223.6,1807,1799,16.67,4
3223.6,1799,0,16.67,5
3225.8,1802,0,16.67,4
3226.2,1804,0,19.227572360766686,5
3227.8,1803,0,16.67,2
3232.6,1808,0,16.67,5
3234.8,1809,0,16.67,6
3235.0,1810,0,16.67,3
3237.0,1812,0,16.67,1
3239.6,1818,0,16.67,2
3241.8,1819,0,16.67,4
3250.6,1827,1822,16.67,2
3250.6,1822,0,16.67,3
3257.8,1824,0,16.67,3
3258.2,1825,0,16.67,5
3258.4,1826,0,16.67,1
3260.4,1829,0,16.67,4
3261.2,1830,0,16.67,2
3270.4,1836,0,16.67,3
3277.4,1838,0,16.67,6
3280.4,1839,0,20.680412992137015,6
3284.4,1840,0,16.67,5
3292.2,1844,0,16.67,2
3292.8,1845,0,16.67,6
3299.0,1847,0,16.67,4
3301.0,1848,0,16.67,3
3305.2,1850,0,16.67,2
3307.4,1852,0,16.67,4
3317.6,1854,0,16.67,1
3323.4,1855,0,16.67,5
3326.8,1857,0,16.67,4
3336.8,1859,0,16.67,4
3344.4,1861,0,16.67,5
3351.2,1862,0,16.67,2
3352.8,1863,0,16.67,3
3364.4,1870,1864,16.67,3
3364.4,1864,0,16.67,4
3367.8,1866,0,16.67,3
3370.4,1867,0,16.67,1
3371.6,1868,0,16.67,2
3380.0,1871,0,16.67,1
3380.0,1879,1871,16.67,2
3380.6,1872,0,16.67,6
3382.0,1873,0,16.67,4
3382.6,1876,0,18.327449989230008,1
3384.6,1877,0,18.34555785211748,1
3386.6,1889,1878,28.791423147856904,2
3387.0,1878,0,19.45885103410835,1
3390.2,1883,0,25.90465080220178,2
3393.0,1884,0,24.47827572317231,1
3394.4,1885,0,16.67,5
3397.2,1891,0,16.67,4
3399.4,1894,0,16.67,1
3400.0,1899,0,16.67,3
3402.6,1902,0,16.67,2
3412.4,1907,0,16.67,4
3417.2,1909,0,16.67,2
3423.6,1911,0,16.67,3
3424.4,1912,0,16.67,6
3433.8,1913,0,16.67,3
3440.2,1915,0,16.67,6
3441.0,1917,0,16.67,1
3441.0,1921,1917,16.67,2
3443.4,1918,0,17.361193960941083,1
3447.0,1920,0,27.843124141680903,2
3449.2,1922,0,16.67,5
3451.8,1923,0,16.67,6
3453.2,1933,1924,16.67,2
3453.2,1924,0,16.67,3
3455.6,1927,0,16.67,2
3456.2,1930,0,16.67,1
3466.6,1935,0,16.67,1
3474.8,1936,0,16.67,1
3475.2,1937,0,16.67,2
3477.2,1951,1939,16.67,5
3477.2,1939,0,16.67,6
3477.4,1940,0,17.191317881202234,2
3478.2,1944,0,16.67,3
3479.2,1943,0,16.49013077763291,6
3479.8,1945,0,16.67,4
3482.2,1949,0,26.16614942826232,4
3486.2,1952,0,16.67,6
3488.8,1957,0,16.67,3
3491.2,1961,0,16.67,2
3495.0,1966,0,16.67,4
3506.8,1968,0,16.67,6
3514.0,1969,0,16.67,4
3516.2,1970,0,16.67,2
3517.2,1974,0,16.67,3
3519.6,1975,0,16.67,6
3524.2,1978,0,16.67,5
3531.8,1980,0,16.67,4
3538.4,1981,0,16.67,3
3539.4,1982,0,16.67,2
3540.6,1983,0,16.67,5
3546.6,1984,0,16.67,2
3549.6,1986,0,21.034073543140067,1
3555.0,1987,0,16.67,2
3574.8,1990,0,16.67,2
3583.0,1991,0,16.67,4
3585.2,1992,0,16.67,5
3585.8,1993,0,19.585338351493448,4
3592.6,1996,0,16.67,6
3593.2,1997,0,16.67,2
3599.8,1999,0,16.67,4
共产生真实车与虚拟车：2000
